Function A: ADD 249
Function B: MULTIPLY 85
Function C: RAISE TO THE POWER OF 3

5514
3215
1786
3290
2543
9828
1863
7236
5396
8984
9941
1050
2076
8135
7048
3084
5174
9049
7636
8260
1497
9014
6731
7096
2483
9841
5274
9500
2221
1584
7128
3902
3589
1250
6647
5060
8459
6399
7650
6287
4683
4501
2148
5050
7594
1427
8533
5254
4080
6029
3912
6714
5851
6418
4651
9764
3590
5323
7298
5376
5936
2551
7982
2750
7897
5205
7328
5092
9035
1607
9663
4369
8941
3467
9227
1839
8036
3085
4921
1050
2841
1948
3888
5638
8697
2334
3711
8495
4084
6159
1640
3094
2036
2725
2747
5205
7646
9982
7274
1060
9277
