3823814970
8964668463
12871953906
23344704187
28711257348
29653859014
33026923073
39176965194
41426819652
77384341484
86547575491
97095278900
159021677352
209133821817
287922854822
288231609196
549104677971
623192054731
657689049094
667118862683
677440348451
702402007733
1044109673193
1071053138425
1093864101887
1331125049588
1346042882856
1401717966773
1460907553385
1534198486085
1707798683817
1752266039748
1915697345957
1919389726021
2082711914240
2130368814380
2132833456142
2551300208230
2559642424911
2678293729055
2837725506116
2838358632047
2870589619154
3232038342283
3279253913487
3434399073458
3642937664544
3704515520411
3762280042204
3895620921459
4057279714828
4276562339383
4303910910065
4340351321149
4445634633004
4502831709985
4510611659956
4686988428397
4812467624890
4917498702685
5039291062446
5154254432520
5576635034553
5756557985121
5860055534917
5980857951112
5981608370066
6328603928730
6504852747086
6521009037072
6839264237090
6840046892708
6919857496139
7000060951195
7277684416990
7315714557578
7409517610960
7533528966476
7652632833368
7781297951501
8091805993449
8149916255397
8184243403526
8242996314262
8396480740135
8428499936050
8587069378754
8772108506129
8809930522517
8815233235291
9250065691649
9482296899219
9564299536737
9566835283594
9606079850697
9611781346458
9730710743843
9794347664097
9959697526503
9970040518035
