1:1,8,2,3,6,3,9,1,8,7,2,3,1,5,4,7,5,8,5,9,3,8,8,5,8,9,4,8,9,8
2:6,9,1,8,4,2,1,2,6,5,9,2,8,7,4,1,5,6,3,8,1,4,3,5,1,3,3,8,6,6
3:1,5,8,1,9,6,8,1,7,4,7,5,3,8,3,5,6,4,4,3,1,7,4,5,6,1,5,6,8,5
4:8,3,9,4,8,8,6,2,8,5,4,5,1,8,6,5,3,1,9,4,9,9,1,2,6,4,5,4,1,8
5:2,3,8,3,7,1,8,4,5,7,3,2,7,6,4,8,7,9,2,9,4,1,7,1,7,6,1,8,1,5
6:7,9,9,9,9,6,8,7,1,8,5,9,9,1,5,9,7,9,3,2,3,4,1,5,3,4,5,5,2,7
7:3,8,8,9,2,4,5,3,7,7,5,4,7,5,8,6,2,9,2,4,4,7,9,2,2,7,3,5,8,3
8:5,9,4,3,7,6,5,5,2,4,9,8,9,2,4,4,3,3,2,6,7,1,2,3,9,9,3,3,9,5
9:4,5,2,5,5,8,8,2,1,4,4,7,1,7,3,5,1,7,4,3,3,4,3,2,3,2,1,6,7,9
10:2,4,8,3,5,3,4,2,3,5,3,6,3,8,2,7,6,4,9,2,3,6,8,3,5,9,4,4,4,6
11:6,5,4,3,2,9,8,9,5,2,7,1,6,1,2,1,9,4,7,6,3,7,5,9,7,4,5,8,4,3
12:7,5,3,6,7,1,3,1,5,4,3,7,6,8,4,6,9,4,8,1,7,9,6,7,5,1,5,4,1,5
13:5,5,5,3,7,2,9,4,9,4,6,7,8,3,8,8,5,3,6,2,2,9,2,9,8,9,2,3,1,1
14:1,8,8,1,9,6,2,6,9,6,7,6,9,3,7,4,8,6,3,4,3,6,5,9,6,5,6,5,6,9
15:4,9,2,5,4,4,7,9,7,8,9,6,9,4,5,1,7,2,5,4,5,6,9,2,8,4,2,7,6,6
16:1,8,2,2,7,5,4,3,5,8,6,4,7,6,4,5,6,7,5,8,5,8,4,5,8,3,7,4,7,5
17:6,1,5,9,6,2,3,7,1,9,9,6,4,5,6,7,7,4,4,2,2,3,3,2,8,1,3,7,9,4
18:6,1,6,5,5,2,2,3,9,8,8,5,9,3,6,6,9,2,8,9,2,1,2,4,9,9,7,5,7,8
19:3,3,7,2,8,9,8,8,9,1,8,9,8,4,2,8,1,1,2,2,7,5,7,6,3,8,7,7,4,3
20:7,5,2,2,6,5,2,6,1,2,9,2,5,7,9,6,2,3,7,8,1,8,6,1,8,8,1,1,1,1
21:9,8,5,1,8,1,2,8,1,9,4,1,3,7,3,1,9,4,4,6,3,9,5,1,3,7,6,8,1,6
22:9,8,5,8,7,7,9,3,9,8,7,3,3,8,5,2,9,3,2,8,4,6,6,1,8,5,9,8,5,4
23:2,3,3,8,2,5,1,6,3,2,1,3,7,2,7,2,2,6,9,4,6,7,2,9,3,2,7,5,8,9
24:7,8,6,1,5,8,9,8,6,2,9,2,9,2,4,5,7,8,7,6,4,1,5,3,3,4,4,3,2,5
25:9,1,3,7,6,6,2,9,7,1,1,2,2,5,3,2,8,7,8,6,1,4,9,8,1,3,7,5,6,8
26:5,2,9,2,4,9,3,1,4,6,4,9,1,2,4,7,2,8,6,4,3,7,2,6,9,2,6,7,6,9
27:3,3,3,5,8,9,6,3,8,4,7,3,9,2,1,6,2,5,4,7,2,5,8,7,3,8,3,4,8,7
28:9,8,2,5,4,2,5,2,6,9,5,1,7,2,8,1,5,3,6,2,5,1,1,6,7,7,4,3,6,9
29:9,8,5,1,8,1,2,1,1,9,4,1,3,7,3,1,9,4,4,6,3,9,5,1,3,7,6,8,1,6
30:9,6,3,3,9,9,6,2,7,5,6,7,7,8,8,4,7,2,3,7,7,4,3,1,5,2,8,2,8,9
31:3,8,7,5,2,6,7,9,1,1,7,5,4,9,5,8,6,4,4,5,3,5,5,9,1,7,6,3,5,7
32:2,2,4,3,5,8,6,7,7,3,2,5,3,8,7,4,6,7,9,7,2,3,6,6,9,4,5,7,3,2
33:4,9,2,5,4,4,7,9,7,8,9,6,9,4,5,1,7,2,5,4,5,6,9,2,8,4,2,7,6,6
34:7,4,4,7,6,9,2,1,1,8,3,9,1,2,1,8,4,3,1,4,4,9,4,5,6,2,5,8,5,1
35:8,3,8,4,9,8,6,5,3,1,8,9,1,5,8,3,7,7,1,9,1,1,5,1,5,1,9,2,5,8
36:5,7,5,1,2,4,8,5,8,3,7,6,8,5,5,1,9,2,1,8,8,1,9,6,3,2,5,6,8,9
37:2,7,7,9,5,1,2,5,2,5,3,6,7,3,5,4,5,7,7,1,1,6,3,9,6,3,2,9,2,5
38:9,1,5,7,6,6,2,9,7,1,1,2,2,5,3,2,8,7,8,6,1,4,9,8,1,3,7,5,6,8
39:8,8,2,7,6,9,6,1,2,7,9,2,8,8,1,2,8,9,8,5,4,5,2,4,4,5,4,9,5,6
40:8,1,2,3,1,3,1,7,6,8,4,7,9,5,5,4,2,3,7,3,6,9,2,6,3,6,1,7,8,9
41:9,1,1,6,8,9,1,3,8,6,4,5,6,1,7,1,6,9,1,3,8,7,9,1,3,7,9,4,7,3
42:3,3,7,2,8,9,8,8,9,1,5,9,8,4,2,8,1,1,2,2,7,5,7,6,3,8,7,7,4,2
43:1,5,9,1,5,1,8,1,7,3,9,5,9,8,8,2,7,5,8,5,1,9,9,5,1,9,1,8,4,1
44:4,1,2,3,6,4,2,2,1,5,3,6,3,1,6,3,4,8,1,4,8,1,7,3,7,6,7,1,2,3
45:1,3,4,7,4,4,1,7,1,7,4,6,9,4,4,4,8,1,3,9,9,7,6,7,5,9,2,9,4,2
46:6,8,4,6,6,4,2,1,5,2,8,8,2,6,7,9,4,3,1,9,2,8,5,1,3,4,5,4,5,2
47:5,9,4,3,7,6,5,5,2,4,9,8,9,2,4,4,3,3,2,6,7,1,2,3,9,9,3,3,9,1
48:4,9,3,7,5,4,8,6,7,7,2,2,8,8,5,1,6,1,9,9,2,1,3,5,6,5,2,5,8,6
49:5,1,8,8,6,2,1,1,7,7,1,5,2,6,2,3,9,2,6,5,5,8,2,7,9,4,9,3,2,4
50:8,7,4,2,8,1,4,7,3,3,3,9,1,2,4,1,6,4,7,7,6,8,8,4,1,4,2,9,9,9
51:5,8,8,6,9,1,2,8,1,7,3,8,8,3,9,8,2,4,5,9,1,1,5,2,7,9,6,2,6,7
52:4,6,5,5,8,9,8,6,5,2,3,1,8,9,5,6,5,9,4,2,1,6,6,4,3,5,1,9,3,5
53:1,8,4,1,6,3,6,4,4,8,4,5,2,8,7,7,6,7,1,8,4,4,4,6,8,1,6,7,6,6
54:8,1,9,1,5,4,9,5,9,5,6,7,2,7,8,5,9,8,5,4,7,5,2,4,2,7,6,6,3,8
55:1,5,2,8,4,4,6,2,5,3,8,3,6,8,4,7,2,2,6,1,5,8,9,6,9,7,6,3,6,3
56:8,6,4,2,3,9,7,2,1,9,6,2,3,5,5,3,5,6,6,7,8,4,5,5,5,1,9,5,5,4
57:5,4,2,7,9,3,6,6,6,1,9,7,4,3,5,5,1,6,1,1,6,9,8,6,6,1,4,9,2,3
58:7,9,8,4,2,7,2,5,9,8,1,9,9,9,1,4,7,8,7,2,2,8,6,5,9,4,5,8,4,5
59:2,7,9,9,6,2,9,7,9,5,5,3,3,1,9,7,9,4,9,4,8,4,5,9,1,4,2,6,5,4
60:7,2,1,4,3,6,5,8,9,5,5,9,1,4,3,5,5,9,8,6,5,5,2,4,5,1,1,2,3,2
61:4,6,2,5,4,4,4,4,3,8,4,3,8,3,2,6,1,7,8,2,4,8,5,3,1,8,3,2,7,5
62:3,8,7,5,2,6,7,9,1,1,7,7,4,9,5,8,6,4,4,5,3,5,5,9,1,7,6,3,5,7
63:2,3,7,3,2,1,3,5,2,2,5,3,5,9,7,8,8,9,7,6,7,3,7,3,3,2,2,9,3,3
64:8,8,2,7,6,9,6,1,2,7,9,2,8,8,1,2,8,9,8,5,4,5,2,4,4,5,4,9,5,6
65:6,6,4,5,7,6,4,9,6,8,1,9,1,2,9,3,6,1,4,9,8,2,3,7,5,2,6,7,2,7
66:8,1,8,4,4,9,1,8,2,5,8,9,8,7,8,7,9,8,6,1,9,9,4,1,8,8,6,5,9,3
67:6,9,1,8,4,2,1,2,6,5,9,2,5,7,4,1,5,6,3,8,1,4,3,5,1,3,3,8,6,5
68:6,1,6,5,5,2,2,3,9,8,8,5,9,3,6,6,9,2,8,9,2,1,2,4,9,9,7,5,7,3
69:6,5,4,6,2,8,7,9,8,7,2,6,5,4,5,2,1,1,7,2,9,3,3,1,1,3,2,3,8,2
70:1,4,7,8,3,9,1,6,8,7,3,3,8,1,8,2,5,7,6,1,5,5,5,5,1,7,2,8,4,6
71:9,5,3,8,4,2,3,8,8,2,2,4,5,9,9,5,4,7,3,6,4,6,4,6,5,2,3,2,1,1
72:6,9,1,8,4,2,1,2,6,5,9,2,8,7,4,1,5,6,3,8,1,4,3,5,1,3,3,8,6,5
73:2,4,9,8,6,4,6,9,3,4,6,1,4,3,7,1,7,7,9,6,1,7,4,4,9,2,6,1,4,9
74:5,2,9,2,4,9,3,1,4,6,4,9,1,2,4,8,2,8,6,4,3,7,2,6,9,2,6,7,6,8
75:5,7,5,1,2,4,8,5,8,3,7,6,8,5,5,1,9,2,1,8,8,1,9,6,3,2,5,6,5,3
76:2,7,6,1,3,1,3,9,6,1,3,9,3,6,4,5,1,1,1,5,4,5,1,3,3,6,4,2,7,6
77:1,2,6,5,4,3,1,6,2,3,3,2,5,5,8,8,8,1,4,2,8,8,5,7,1,3,7,7,3,4
78:3,1,6,1,8,2,1,3,6,7,8,2,9,2,4,8,4,4,6,3,7,2,9,7,3,6,2,7,8,7
79:2,4,5,1,1,8,5,4,9,6,7,8,2,4,6,8,9,6,1,1,6,7,4,1,1,7,6,3,3,3
80:4,8,3,7,5,2,9,6,7,9,5,3,6,4,4,2,3,8,8,5,4,9,4,6,5,8,8,1,9,1
81:2,7,7,9,5,1,2,5,2,5,3,6,7,3,5,4,5,7,7,1,1,6,3,9,6,3,2,9,2,6
82:5,7,5,1,2,4,8,5,8,3,7,6,8,5,5,1,9,2,1,8,8,1,9,6,3,2,5,6,5,9
83:3,8,6,8,1,3,1,6,2,9,3,3,9,3,2,2,3,8,3,1,1,1,3,9,2,7,2,4,5,3
84:8,1,8,4,4,9,1,8,2,5,8,9,8,7,8,7,9,8,6,1,9,9,4,1,8,8,6,5,9,6
85:5,4,2,4,1,2,4,6,9,4,5,9,4,9,7,8,6,3,9,8,6,2,4,7,5,5,4,7,9,9
86:6,6,5,8,7,7,2,2,6,3,8,8,4,2,7,8,3,8,1,5,5,9,8,6,7,2,1,2,1,4
87:5,1,6,3,7,1,5,3,6,6,7,6,5,9,8,5,1,1,5,7,9,5,8,4,3,2,8,6,3,2
88:3,7,7,7,7,5,4,6,4,3,2,1,3,3,8,3,8,3,5,4,6,2,5,9,6,9,5,7,4,2
89:2,5,4,1,4,3,4,2,5,7,6,7,7,1,1,7,2,8,3,7,4,8,6,3,9,6,8,8,9,4
90:8,1,8,4,4,9,1,8,2,5,8,9,8,7,8,7,9,6,6,1,9,9,4,1,8,8,6,5,9,3
91:2,4,2,6,5,4,2,2,7,8,4,5,3,4,1,5,3,1,9,3,9,7,8,2,1,3,7,3,6,2
92:1,8,2,3,6,3,9,1,8,7,2,3,1,5,4,7,5,8,5,9,3,8,8,5,8,9,4,8,9,5
93:4,9,3,7,5,3,3,6,3,4,6,4,6,3,6,1,9,6,7,5,1,3,3,3,4,9,8,1,3,7
94:8,1,9,9,5,4,9,5,9,5,6,7,2,7,8,5,9,8,5,4,7,5,2,4,2,7,6,6,3,3
95:8,7,3,8,2,5,8,8,2,1,1,9,4,3,6,4,4,5,8,3,1,3,2,8,9,1,2,2,7,5
96:7,1,7,1,3,4,8,4,5,2,3,9,9,1,4,3,6,1,2,3,2,9,7,2,2,2,7,7,4,5
97:7,5,3,6,7,1,3,1,5,4,3,7,6,8,4,6,9,4,8,1,7,9,6,7,5,1,5,4,1,9
98:1,9,4,9,5,7,3,2,5,8,6,7,1,3,1,7,3,8,6,1,2,6,2,4,7,4,3,6,9,9
99:1,2,5,2,3,7,1,1,1,9,3,9,2,2,7,8,2,5,4,4,3,5,4,4,8,8,9,3,7,8
100:4,8,8,6,3,8,9,7,3,7,5,5,3,2,7,1,6,7,8,3,7,2,7,5,1,7,1,8,2,7
101:4,8,8,9,7,5,4,7,1,9,1,4,7,6,2,8,5,2,8,7,4,8,5,5,9,4,1,6,9,6
102:6,6,2,1,9,2,4,8,5,6,1,7,7,6,4,5,7,1,1,7,3,5,6,4,8,9,5,2,6,8
103:3,9,5,2,4,3,5,1,4,2,4,3,6,8,4,8,6,3,9,3,9,2,7,7,7,4,9,3,1,2
104:8,3,9,4,8,8,6,2,8,5,4,5,1,8,6,5,3,2,9,4,9,9,1,2,6,4,5,4,1,1
105:1,6,3,5,7,5,6,8,2,1,1,1,9,9,3,9,6,5,9,4,3,1,1,6,3,5,2,6,2,3
106:3,2,1,6,3,9,4,7,6,3,1,2,2,9,7,3,5,5,4,9,4,1,8,1,1,9,1,8,2,2
107:6,6,3,5,7,6,4,9,6,8,1,9,1,2,9,3,6,1,4,9,8,2,3,7,5,2,6,7,2,2
108:7,9,1,9,3,7,5,4,7,4,9,1,8,6,7,3,3,4,5,5,9,2,9,3,4,4,2,6,7,2
109:5,6,1,7,3,9,1,7,9,8,7,4,7,7,8,3,2,4,4,6,5,8,2,3,1,9,2,4,5,3
110:7,4,1,2,3,4,2,2,4,1,6,8,3,7,7,7,6,1,5,1,2,5,2,7,5,3,2,3,3,5
111:4,5,5,5,5,5,6,3,2,8,7,9,4,7,4,6,1,9,7,9,6,7,2,3,1,4,5,6,3,5
112:4,1,3,7,5,3,3,6,3,4,6,4,6,3,6,1,9,6,7,5,1,3,3,3,4,9,8,1,3,6
113:1,1,4,6,1,6,7,9,8,3,5,2,2,2,3,3,6,4,4,7,9,4,5,7,8,4,9,9,6,2
114:2,7,7,9,5,1,2,5,2,5,3,6,7,8,5,4,5,7,7,1,1,6,3,9,6,3,2,9,2,6
115:1,5,8,1,9,6,8,1,7,4,7,5,3,8,3,5,6,4,4,3,1,7,4,5,6,1,5,6,8,9
116:9,7,2,5,2,2,5,5,1,6,7,6,6,4,4,8,2,2,5,6,3,2,6,5,7,3,3,9,5,5
117:4,8,3,7,5,2,9,6,7,9,5,3,6,4,4,2,3,8,8,5,4,9,4,6,5,8,8,1,9,2
118:5,4,5,2,9,4,5,3,8,6,9,1,2,1,7,9,3,1,9,5,8,5,6,9,6,3,5,6,6,7
119:8,9,2,7,3,5,3,7,7,6,3,9,5,5,3,6,9,2,6,5,3,7,5,3,4,4,3,4,9,8
120:9,7,2,5,2,2,5,5,1,6,7,6,3,4,4,8,2,2,5,6,3,2,6,5,7,3,3,9,5,8
121:6,5,7,9,3,1,5,3,6,4,8,7,8,5,3,1,4,4,1,7,6,8,2,3,1,5,7,8,1,8
122:5,9,9,3,4,8,3,1,8,1,2,5,3,7,2,6,9,6,3,1,9,6,3,1,4,2,5,7,6,7
123:4,7,2,4,4,5,8,1,4,1,7,1,1,5,8,5,9,7,3,3,2,6,5,5,1,7,4,5,5,4
124:1,4,7,8,3,9,1,6,8,7,3,3,8,1,8,2,5,7,6,1,5,5,5,2,1,7,2,8,4,6
125:8,7,9,9,6,1,9,7,7,4,1,6,9,1,3,1,9,1,4,3,4,5,9,6,4,6,6,5,7,5
126:3,6,5,1,8,3,6,9,8,9,3,1,8,7,6,6,3,7,1,3,8,7,7,5,4,4,3,5,8,1
127:6,5,4,3,2,9,8,9,5,2,7,1,6,1,2,1,9,4,7,6,3,7,5,9,7,4,5,8,4,3
128:2,2,3,6,6,9,5,6,6,6,9,1,5,5,2,1,1,2,9,4,1,2,8,9,5,6,7,8,2,4
129:8,1,4,2,8,9,9,4,6,3,5,3,5,2,4,7,7,4,8,7,7,8,1,1,1,5,3,4,6,4
130:6,8,9,3,6,8,9,8,9,3,3,1,4,4,3,8,8,5,8,1,8,3,7,3,5,8,8,1,5,8
131:1,6,5,1,9,7,9,5,9,2,3,3,9,4,3,1,6,9,4,9,6,7,8,3,5,1,5,3,5,5
132:6,8,5,6,6,1,7,6,1,7,9,8,6,2,4,7,3,8,1,6,9,9,6,2,2,9,7,8,3,1
133:8,1,1,5,8,9,3,7,6,8,6,8,7,1,2,5,4,9,3,5,6,6,2,5,1,8,9,8,5,8
134:8,8,4,3,2,8,1,7,3,1,4,4,5,5,2,1,3,5,2,8,9,8,9,6,7,7,7,9,4,5
135:6,5,7,2,4,4,4,1,8,8,2,8,1,8,4,9,7,8,7,9,5,9,1,1,6,4,8,3,6,7
136:8,3,8,4,9,8,6,5,3,1,8,9,1,5,8,3,7,7,1,9,1,1,5,6,5,1,9,2,5,8
137:2,4,2,6,5,4,2,2,7,8,4,5,3,4,1,5,3,1,9,3,9,7,8,2,1,3,7,3,6,2
138:8,3,5,1,5,5,1,2,7,4,8,4,5,6,7,9,5,2,5,9,1,6,1,4,5,7,2,5,1,4
139:9,2,7,8,6,8,5,1,9,3,3,3,7,8,6,2,6,9,7,7,6,9,2,2,4,9,1,3,6,2
140:7,8,6,1,5,8,9,8,6,2,9,2,9,2,4,5,7,8,7,6,4,1,5,3,3,4,4,3,2,6
141:1,8,8,1,8,5,2,1,4,8,5,3,3,6,5,5,2,9,1,9,4,3,1,2,8,3,9,1,6,6
142:8,6,2,1,9,7,2,2,9,1,6,1,9,5,3,9,8,8,9,5,1,2,4,4,7,7,7,9,6,4
143:8,4,1,4,3,3,3,5,7,7,2,4,9,1,1,9,4,9,6,1,2,8,5,1,4,5,7,2,9,8
144:4,8,8,6,3,8,9,7,3,7,5,5,3,2,7,1,6,7,8,3,7,2,7,5,1,7,1,8,4,7
145:8,6,5,7,6,8,8,7,6,2,7,7,8,2,3,1,5,8,2,1,7,1,9,2,7,8,5,4,7,6
146:4,9,8,3,5,1,2,4,2,1,1,7,3,9,4,3,3,1,4,6,4,5,3,7,3,1,7,2,1,5
147:6,5,4,1,5,2,9,4,1,5,7,1,3,4,7,1,2,3,1,7,7,7,2,6,4,4,6,6,3,9
148:3,8,8,9,2,4,5,3,7,7,5,4,7,5,8,6,2,9,2,4,4,7,9,2,2,7,3,5,8,9
149:5,2,8,5,7,7,9,9,9,2,4,8,6,5,1,3,7,1,2,5,5,1,5,6,7,2,7,6,3,8
150:4,1,3,5,2,3,6,5,5,1,4,7,8,4,7,8,7,9,7,1,7,2,9,6,8,5,8,5,2,6
151:9,3,1,1,5,6,9,5,2,2,4,1,4,4,2,2,2,8,3,9,7,7,7,1,9,5,8,9,6,9
152:6,2,2,4,5,3,9,7,2,4,5,7,7,5,2,6,5,9,9,9,6,7,6,5,3,5,6,6,2,3
153:7,4,4,7,6,9,2,1,1,8,3,9,1,2,1,8,4,3,1,4,4,9,4,5,6,2,5,8,5,9
154:1,8,8,1,9,6,2,6,9,6,7,6,9,3,7,4,8,6,3,4,3,6,5,9,6,5,4,5,6,9
155:6,6,3,5,7,6,4,9,6,8,1,9,1,2,9,3,6,1,4,9,8,2,3,7,5,2,6,7,2,7
156:5,8,8,3,2,1,8,8,6,2,7,9,3,4,7,9,3,3,3,8,6,6,1,7,9,4,2,3,8,3
157:3,1,7,5,6,8,1,3,5,2,3,5,1,6,7,6,8,7,2,3,2,9,1,2,8,9,1,8,7,1
158:1,3,3,6,7,1,3,4,7,5,3,9,5,6,6,7,6,5,6,3,6,4,9,7,9,3,5,8,3,5
159:4,9,1,1,1,1,3,1,4,2,3,7,2,5,1,6,6,3,1,3,3,8,5,6,2,1,2,7,8,7
160:8,8,2,2,4,3,6,8,4,1,6,1,8,6,2,8,5,5,2,3,2,8,7,6,5,3,7,4,6,4
161:5,5,5,3,7,2,9,4,9,8,6,7,8,3,8,8,5,3,6,2,2,9,2,9,8,9,2,3,1,1
162:3,8,7,9,8,3,5,4,5,1,6,6,3,4,5,2,6,5,9,6,3,9,1,8,5,1,7,3,6,3
163:4,1,3,5,2,3,6,5,5,1,4,7,8,4,7,5,7,9,7,1,7,2,9,6,8,5,8,5,2,3
164:8,5,1,1,7,6,3,3,4,1,7,6,4,8,1,7,4,1,7,9,5,5,9,2,5,7,5,8,5,9
165:9,8,6,7,2,6,2,8,5,5,7,7,7,7,6,9,9,8,2,9,7,3,7,3,4,9,2,2,3,6
166:6,9,5,4,7,5,3,2,3,9,7,5,7,1,7,8,8,6,5,4,2,9,1,7,4,9,9,5,1,6
167:8,9,9,9,7,5,5,2,4,6,6,8,5,5,1,4,3,8,6,5,3,4,9,1,8,5,9,1,7,1
168:3,6,3,2,7,2,6,8,5,3,2,2,4,3,1,9,7,1,5,7,3,8,7,1,5,6,2,2,5,9
169:7,3,9,2,9,9,3,7,4,2,1,3,8,4,2,4,8,9,3,4,8,1,3,7,9,1,7,4,8,2
170:4,6,9,3,4,9,7,2,7,1,9,1,6,3,1,2,6,7,7,8,8,9,9,5,2,9,3,1,9,5
171:2,3,7,3,2,1,3,5,2,2,5,3,5,9,7,8,8,9,6,6,7,3,7,3,3,2,2,9,3,3
172:7,7,2,1,1,1,7,2,4,7,8,8,6,6,3,5,3,8,5,1,7,4,4,4,6,3,3,7,9,5
173:2,8,3,3,3,6,1,9,7,8,3,1,2,9,5,3,4,8,8,6,3,4,5,1,9,6,5,2,1,8
174:8,3,5,1,5,5,1,2,7,4,8,4,5,6,7,9,5,2,5,9,1,6,1,4,5,7,2,5,1,4
175:3,5,4,6,2,7,2,8,3,8,6,2,3,6,8,6,6,8,7,5,5,1,2,9,4,5,7,8,7,7
176:1,7,7,5,2,3,1,7,8,8,4,3,9,5,5,5,4,5,6,5,5,6,1,6,8,9,3,1,4,3
177:2,3,3,8,2,5,1,6,3,2,1,3,7,2,7,2,2,6,9,4,6,7,2,9,3,2,7,5,8,2
178:7,4,4,7,6,9,2,1,1,8,3,9,1,1,1,8,4,3,1,4,4,9,4,5,6,2,5,8,5,1
179:1,3,4,7,4,4,1,7,1,7,4,6,9,4,4,4,8,1,3,9,9,7,6,7,5,9,2,9,4,9
180:9,3,4,4,7,9,7,7,7,1,2,1,8,5,8,9,4,1,9,7,1,8,8,1,3,6,6,8,7,5
181:9,5,9,8,1,9,7,9,9,5,3,9,8,2,3,6,6,3,5,5,6,5,1,7,6,2,6,7,8,5
182:8,1,7,2,1,3,9,1,4,1,4,5,3,1,4,6,5,5,3,1,1,1,7,8,2,4,2,2,6,4
183:8,3,2,8,6,3,7,6,9,3,7,1,1,2,5,9,9,3,8,3,6,7,5,3,6,4,3,4,9,3
184:3,6,5,1,6,2,2,7,2,2,7,3,1,6,2,7,2,5,3,6,6,1,8,5,1,2,1,1,9,4
185:6,1,1,5,8,6,9,5,2,3,6,8,3,2,6,1,2,4,1,3,3,5,3,6,2,2,4,7,1,9
186:6,4,7,1,1,9,6,7,7,2,8,1,3,6,3,4,9,3,6,4,7,9,9,1,5,2,5,5,4,3
187:3,1,5,4,3,6,2,1,6,5,9,5,5,8,8,1,7,7,2,5,9,9,8,5,8,2,1,7,6,9
188:8,7,9,9,6,1,9,7,7,4,1,6,9,1,3,1,9,1,4,3,4,5,9,6,4,6,6,5,7,3
189:9,9,5,2,3,6,3,3,3,2,2,9,4,4,4,1,1,3,3,9,6,4,2,9,5,4,7,3,3,4
190:5,5,5,3,7,2,9,4,9,4,6,7,8,3,8,8,5,3,6,2,2,9,2,9,8,9,2,3,1,4
191:9,5,7,9,6,3,3,7,2,3,1,2,5,5,7,1,9,5,9,3,9,8,7,3,5,3,2,1,7,2
192:8,9,2,7,3,5,3,7,7,6,3,9,5,5,3,6,9,2,6,5,3,7,5,3,4,4,3,4,9,1
193:4,5,1,8,9,3,8,3,8,2,3,6,7,6,1,2,6,1,9,3,1,8,1,9,3,1,9,6,4,7
194:2,3,8,3,7,1,8,4,5,7,3,2,7,6,4,8,7,7,2,9,4,1,7,1,7,6,1,8,1,5
195:8,8,2,3,8,6,5,7,3,1,5,9,5,5,5,6,2,1,4,5,4,7,8,8,1,8,2,4,6,7
196:1,3,3,6,7,1,3,4,7,5,3,9,5,6,6,7,6,5,6,3,6,4,9,7,2,3,5,8,3,5
197:3,1,7,5,6,8,1,3,5,2,3,5,1,6,7,6,8,7,2,3,2,9,1,8,8,9,1,8,7,2
198:8,8,6,1,7,7,9,3,5,2,1,2,8,1,8,4,1,1,7,1,8,4,1,5,5,4,2,6,6,8
199:1,6,9,5,5,8,5,5,8,2,6,9,7,6,9,9,7,6,9,2,4,9,3,9,3,1,7,5,5,8
200:7,7,5,8,1,7,2,9,7,2,3,2,3,4,9,9,2,2,2,7,4,5,9,3,3,3,5,2,2,7
201:9,9,7,2,7,4,8,3,7,7,1,5,2,7,7,7,3,5,9,5,4,7,4,7,2,1,1,2,7,3
202:9,1,1,6,8,9,1,3,8,6,4,5,6,1,7,1,6,9,4,3,8,7,9,1,3,7,9,4,7,3
203:6,1,6,5,5,2,2,3,9,8,8,5,9,3,6,6,9,2,8,9,2,1,2,4,9,9,7,5,2,3
204:7,9,9,9,9,6,8,7,1,8,5,9,9,1,5,9,7,9,3,2,3,4,1,5,3,4,5,5,2,1
205:5,3,3,5,6,6,2,2,6,8,3,1,5,5,4,5,5,1,1,3,6,1,1,9,6,6,1,8,8,9
206:5,9,4,3,7,6,5,5,2,4,9,8,9,2,9,4,3,3,2,6,7,1,2,3,9,9,3,3,9,1
207:9,9,2,2,6,1,9,5,3,7,7,5,9,8,1,7,8,4,4,8,9,9,1,1,7,3,4,2,6,7
208:2,6,9,2,9,5,1,8,1,2,8,2,7,7,1,7,5,6,1,9,2,8,1,1,7,6,9,2,6,2
209:3,7,1,9,5,5,3,3,7,2,8,7,9,9,2,1,4,1,2,7,2,3,3,7,2,8,4,7,2,1
210:6,2,8,8,9,6,1,3,6,5,4,9,6,2,4,3,8,4,4,6,7,3,9,1,4,2,4,2,1,5
211:8,3,2,7,9,8,2,8,7,2,1,1,1,8,2,4,3,5,4,6,5,6,7,8,5,2,5,4,3,9
212:7,7,2,2,1,9,4,1,3,7,3,4,9,4,8,5,9,7,3,9,5,9,5,9,1,4,4,3,3,9
213:8,3,5,1,5,5,1,2,7,4,8,4,5,6,7,9,9,2,5,9,1,6,1,4,5,7,2,5,1,4
214:9,4,6,2,7,3,3,2,5,4,4,2,1,4,3,1,6,2,8,8,1,6,8,8,3,8,2,6,6,9
215:5,8,8,6,9,1,2,8,1,7,3,8,8,3,9,8,2,4,5,9,1,2,5,2,7,9,6,2,6,7
216:2,7,3,6,6,1,3,5,6,7,2,9,8,6,8,3,1,5,1,9,3,7,2,8,2,3,6,3,4,4
217:3,8,8,9,2,4,5,3,7,7,5,4,7,5,8,6,2,9,2,4,8,7,9,2,2,7,3,5,8,9
218:8,1,8,5,6,7,5,5,7,3,9,1,9,7,4,6,7,9,8,8,8,1,4,8,2,8,1,2,3,7
219:2,8,8,3,3,6,1,9,7,8,3,1,2,9,5,3,4,8,8,6,3,4,5,1,9,6,5,2,1,8
220:1,8,2,3,6,3,9,1,8,7,2,3,1,5,3,7,5,8,5,9,3,8,8,5,8,9,4,8,9,8
221:1,6,9,5,5,8,5,5,8,2,6,9,7,6,9,9,7,6,9,2,4,9,3,9,3,1,4,5,5,8
222:1,3,2,2,5,3,9,9,8,7,1,1,6,1,2,8,5,4,9,6,2,4,9,1,6,9,8,1,9,9
223:2,7,9,9,6,2,9,7,9,5,5,3,6,1,9,7,9,4,9,4,8,4,5,9,1,4,2,6,5,4
224:3,6,5,8,5,1,4,3,5,6,2,6,1,2,7,1,7,1,1,7,4,3,8,9,1,3,6,2,6,9
225:1,8,8,1,9,6,2,6,9,6,7,6,9,3,7,4,8,6,3,4,3,6,5,9,6,5,6,5,6,8
226:7,1,5,5,1,5,9,9,9,2,3,3,8,7,2,4,3,9,7,5,2,2,6,6,2,3,3,8,9,5
227:6,6,1,5,1,3,9,8,4,7,4,6,2,5,9,8,7,1,6,7,4,2,8,7,8,1,3,4,7,6
228:9,8,5,1,8,1,2,8,1,9,4,1,3,7,3,1,9,4,4,6,3,9,5,1,3,7,6,8,1,9
229:8,2,9,3,4,9,3,8,6,2,8,1,8,6,1,3,6,2,7,5,5,6,7,3,1,7,2,3,4,3
230:1,5,8,7,4,4,6,7,4,9,4,1,5,8,5,3,1,1,8,9,8,9,7,8,2,3,2,9,9,5
231:1,9,4,9,1,8,9,5,1,2,2,2,5,9,6,6,6,6,1,5,8,5,1,8,5,9,6,2,1,6
232:4,9,7,3,5,6,5,7,3,7,8,2,8,7,4,6,9,3,3,1,9,3,5,6,3,4,9,7,2,5
233:1,8,7,4,5,7,2,5,9,4,7,4,9,4,5,5,4,4,4,3,8,6,4,7,3,1,9,7,8,1
234:1,5,8,1,9,6,8,1,7,4,7,5,3,8,3,5,6,4,4,3,1,7,4,5,6,1,5,6,8,9
235:8,1,1,9,6,9,4,3,9,2,8,5,9,1,2,5,3,1,6,6,2,8,2,7,6,5,2,7,3,6
236:7,4,6,4,8,1,2,5,5,8,1,7,3,7,3,1,4,4,3,6,6,4,1,3,6,6,4,8,9,9
237:7,7,5,1,1,8,1,8,5,4,4,6,8,5,4,5,4,7,3,8,4,8,2,1,6,8,2,7,2,7
238:1,7,3,3,9,8,4,8,4,5,5,4,4,8,8,6,6,7,7,8,5,4,3,2,2,8,4,8,6,6
239:9,6,1,6,4,2,9,9,1,6,9,2,9,5,3,6,7,5,3,1,1,2,7,7,7,7,7,4,3,7
240:2,3,8,3,7,1,8,4,5,7,3,2,7,6,4,8,7,9,2,9,4,1,7,1,7,6,1,8,1,3
241:7,7,2,1,1,1,7,2,4,7,8,8,6,6,3,5,3,8,5,1,7,4,4,4,6,3,3,7,9,4
242:2,9,4,1,6,8,3,2,3,8,9,1,3,9,6,7,3,8,1,9,9,6,2,5,6,8,7,8,4,5
243:4,6,8,7,5,7,4,6,6,1,4,1,8,3,1,2,9,2,2,5,7,4,8,9,9,6,3,3,8,5
244:7,9,8,1,9,8,4,5,9,1,6,9,7,9,7,4,9,1,5,4,7,2,5,6,2,7,3,6,3,6
245:3,5,4,6,2,7,2,8,3,8,6,2,3,6,8,6,6,8,7,5,5,1,2,9,4,5,7,8,7,2
246:4,3,7,4,2,9,1,2,4,7,1,4,9,9,7,7,6,1,1,7,3,8,2,5,7,7,4,4,2,6
247:8,2,6,4,4,8,3,7,4,3,6,4,2,6,7,9,4,7,1,4,3,1,1,1,7,2,8,1,5,8
248:4,6,8,5,4,4,4,4,3,8,4,3,8,3,2,6,1,7,8,2,4,8,5,3,1,8,3,2,7,5
249:7,4,3,2,7,9,3,4,2,6,1,7,8,6,4,6,5,3,5,5,9,4,4,4,3,2,9,2,6,1
250:7,3,9,9,8,3,3,7,8,5,5,1,2,7,2,3,2,5,3,5,9,5,9,4,8,5,2,5,2,1
251:8,1,8,5,6,7,5,5,7,3,9,1,9,7,4,6,7,9,7,8,8,1,4,8,2,8,1,2,3,1
252:4,3,7,7,2,9,1,2,4,7,1,4,9,9,7,7,6,1,1,7,3,8,2,5,7,7,4,4,2,6
253:8,6,2,4,8,4,5,2,9,8,1,9,6,9,4,8,9,1,7,3,7,1,5,4,3,3,8,7,3,1
254:5,5,8,3,2,1,6,1,8,7,4,8,3,3,2,2,8,7,5,2,8,9,3,3,2,1,9,7,7,1
255:6,2,5,3,1,3,1,5,8,8,2,8,9,4,8,3,6,1,9,2,8,6,8,1,1,5,2,8,8,9
256:7,3,9,9,8,3,3,1,8,5,5,1,2,7,2,3,2,5,3,5,9,5,9,4,8,5,2,5,2,1
257:8,2,6,4,4,8,3,7,4,3,6,4,2,6,7,9,4,7,1,4,3,1,1,1,7,2,8,1,5,5
258:2,7,7,8,9,2,2,2,3,2,7,1,3,3,3,8,5,3,4,9,8,2,5,5,3,7,7,6,6,7
259:4,6,8,7,5,7,4,6,6,1,4,1,8,3,1,2,9,2,2,5,7,4,8,9,9,6,3,3,8,5
260:4,6,5,5,8,9,8,6,5,2,6,1,8,9,5,6,5,9,4,2,1,6,6,4,3,5,1,9,3,4
261:6,8,2,7,5,5,5,8,1,4,9,2,1,9,7,4,9,8,3,4,1,7,5,3,5,7,7,5,9,3
262:5,5,8,3,2,1,6,1,8,7,4,8,3,3,2,2,8,7,5,2,1,9,3,3,2,1,9,7,7,1
263:2,4,5,1,1,8,5,4,9,6,7,8,2,4,6,8,4,6,1,1,6,7,4,1,1,7,6,3,3,3
264:5,1,8,8,6,2,1,1,7,7,1,5,2,6,2,3,8,2,6,5,5,8,2,7,9,4,9,3,2,6
265:2,3,1,1,8,3,5,5,8,5,9,7,2,5,3,3,7,9,6,2,9,3,9,4,8,1,5,8,5,6
266:6,7,3,1,2,2,8,3,3,5,8,8,4,3,6,1,7,2,6,4,7,6,4,5,1,7,5,4,7,6
267:9,6,1,2,9,3,9,5,3,3,3,3,7,9,7,5,2,5,9,7,7,4,5,6,9,1,1,7,9,4
268:8,7,1,4,9,6,5,5,3,2,5,1,1,4,4,6,4,3,5,4,3,6,2,8,1,8,8,6,1,9
269:8,1,9,9,5,4,9,5,9,5,6,7,2,7,8,5,9,8,5,4,7,5,2,4,2,7,6,6,3,8
270:8,3,8,4,9,8,6,5,3,1,8,9,1,5,8,3,7,7,1,9,1,1,5,1,5,1,9,2,5,9
271:1,3,3,6,7,1,3,4,7,5,3,9,5,6,6,7,6,5,6,3,6,4,9,7,2,3,5,8,3,7
272:1,3,4,7,4,4,1,7,7,7,4,6,9,4,4,4,8,1,3,9,9,7,6,7,5,9,2,9,4,9
273:4,3,7,7,2,9,1,2,4,7,1,4,9,9,7,7,6,1,1,7,3,8,2,5,7,7,4,4,2,2
274:5,1,8,8,6,2,1,1,7,7,1,5,2,6,2,3,8,2,6,5,5,8,2,7,9,4,9,3,2,4
275:5,3,9,6,3,9,2,8,9,2,6,1,5,3,7,3,2,6,8,2,8,9,9,7,4,2,2,3,8,2
276:7,2,1,4,3,6,5,8,9,5,5,9,1,4,3,5,5,9,8,6,5,5,2,4,5,1,1,2,3,6
277:8,2,9,3,4,9,3,8,6,2,8,1,8,6,1,3,6,2,7,5,5,6,7,3,1,7,2,3,4,7
278:8,9,9,9,7,5,5,2,4,6,6,3,5,5,1,4,3,8,6,5,3,4,9,1,8,5,9,1,7,1
279:7,9,9,3,5,5,3,6,2,1,4,5,5,4,9,1,6,1,6,1,9,3,4,4,1,8,9,4,4,8
280:9,5,5,1,7,3,1,3,3,7,9,8,6,3,8,6,4,2,4,3,2,7,2,4,3,9,9,9,2,3
281:4,5,7,2,9,2,1,4,8,3,2,2,6,1,6,6,3,8,9,4,5,8,1,6,6,7,9,9,6,1
282:3,1,9,5,6,5,2,9,8,9,2,6,4,5,3,9,8,5,9,6,3,5,8,1,3,1,4,2,2,8
283:8,3,9,4,8,8,6,2,8,5,4,5,1,8,6,5,3,1,9,4,9,9,1,2,6,4,5,4,1,1
284:4,2,1,6,5,1,8,4,7,3,8,3,8,2,4,6,4,3,3,1,1,1,8,6,7,1,7,8,4,1
285:6,4,7,2,8,7,3,3,3,3,3,6,4,8,1,2,6,7,1,4,7,8,3,3,7,4,8,2,2,2
286:6,8,9,3,6,8,9,8,9,3,3,1,4,4,3,8,8,5,8,1,8,3,7,3,5,8,8,1,5,8
287:2,3,7,3,2,1,3,5,2,2,5,3,5,9,7,8,8,9,6,6,7,3,7,3,3,2,2,9,3,5
288:8,4,1,7,6,4,8,1,1,6,9,5,8,4,4,5,9,2,9,4,5,7,7,5,6,4,3,4,6,4
289:6,5,1,6,4,9,1,5,4,1,4,5,9,2,2,9,7,1,5,1,1,9,6,7,2,6,7,5,8,3
290:4,5,9,4,4,2,4,7,4,5,9,6,9,1,6,9,4,4,1,1,2,6,2,4,8,2,8,8,9,2
291:5,2,9,2,4,9,3,1,4,6,4,9,1,2,4,7,2,8,6,4,3,7,2,6,9,2,6,7,6,8
292:4,8,3,7,5,2,9,6,7,9,5,3,6,4,4,2,3,8,8,5,4,7,4,6,5,8,8,1,9,1
293:1,6,5,1,9,7,9,5,9,2,3,3,9,4,3,1,9,9,4,9,6,7,8,3,5,1,5,3,5,9
294:7,1,2,4,8,2,2,2,3,7,3,2,6,7,8,5,8,3,9,6,8,1,3,9,7,7,8,4,8,7
295:4,9,2,5,4,4,7,9,7,8,9,6,9,4,5,1,7,2,5,4,5,6,9,2,8,4,2,7,6,4
296:2,1,4,4,6,9,7,4,3,6,2,9,7,8,6,9,2,1,1,1,1,3,1,7,6,4,6,9,4,5
297:3,6,1,3,3,8,9,7,5,1,4,8,8,5,1,1,6,6,4,8,8,4,1,5,8,5,1,9,5,5
298:5,8,8,6,9,1,2,8,1,7,3,8,8,3,9,8,2,4,5,9,1,2,5,2,7,9,6,2,6,2
299:1,3,9,8,3,5,2,6,9,7,2,9,4,6,8,9,7,4,7,1,3,2,5,5,4,1,4,6,4,6
300:4,9,6,1,1,1,3,1,4,2,3,7,2,5,1,6,6,3,1,3,3,8,5,6,2,1,2,7,8,7
301:2,4,2,6,5,4,2,2,7,8,4,5,3,4,1,5,3,1,9,3,9,7,8,2,1,3,7,3,6,6
302:3,3,6,4,6,9,7,3,1,3,6,9,8,1,4,1,2,2,9,2,6,9,9,3,8,8,8,4,4,6
303:1,7,3,3,9,8,4,8,4,5,5,4,4,8,8,6,6,7,7,8,5,4,3,2,2,8,4,8,6,3
304:9,1,1,6,8,9,1,3,8,6,4,5,6,1,7,1,6,9,1,3,8,7,9,1,3,7,9,4,7,3
305:1,6,9,5,5,8,5,5,8,2,6,9,7,6,9,9,7,6,9,2,4,9,3,9,3,1,4,5,5,9
306:5,6,6,9,8,8,7,1,7,6,2,3,3,6,9,2,3,9,8,6,9,8,8,3,7,8,3,6,2,8
307:4,1,2,3,6,4,2,2,1,5,3,6,3,5,6,3,4,8,1,4,8,1,7,3,7,6,7,1,2,3
308:6,8,9,5,5,6,8,3,1,9,6,1,6,3,7,8,3,4,2,1,2,3,6,7,5,9,1,7,5,2
309:9,9,6,7,6,2,8,5,4,1,2,9,7,5,8,8,3,9,8,3,8,7,8,8,9,7,4,7,6,5
310:8,3,2,8,6,3,7,6,9,3,7,1,1,2,5,9,9,3,8,3,6,7,5,3,6,4,3,4,9,1
311:4,8,2,4,7,4,1,5,6,7,8,6,5,7,7,9,2,9,5,7,2,2,7,3,6,2,4,1,5,4
312:9,7,2,5,2,2,5,5,1,6,7,6,6,4,4,8,2,2,5,6,3,2,6,5,7,3,3,9,5,8
313:9,1,5,5,1,5,4,9,4,2,8,3,7,8,2,1,5,1,1,2,1,9,4,7,7,1,5,7,6,8
314:8,8,6,1,7,7,9,3,5,2,1,1,8,1,8,4,1,1,7,1,8,4,1,5,5,4,2,6,6,9
315:1,5,2,8,4,4,6,2,5,3,8,3,6,8,4,7,2,2,6,1,5,8,2,6,9,7,6,3,6,9
316:2,2,4,3,5,8,6,7,7,3,2,5,3,8,7,4,6,7,9,1,2,3,6,6,9,4,5,7,3,2
317:8,8,4,7,3,1,8,9,3,7,1,3,2,2,5,8,6,9,4,4,9,5,1,1,7,2,3,1,3,3
318:8,7,9,9,6,1,9,7,7,4,1,6,9,1,3,1,9,1,4,2,4,5,9,6,4,6,6,5,7,5
319:8,9,2,7,3,5,3,7,7,6,3,9,5,5,3,6,9,2,6,5,3,7,5,3,4,4,3,4,9,8
320:8,7,3,8,2,5,8,8,2,1,1,9,4,3,6,4,4,5,6,3,1,3,2,8,9,1,2,2,7,5
321:7,8,3,1,3,6,5,2,2,1,9,5,3,5,5,8,4,9,2,6,1,7,2,5,2,8,1,3,2,2
322:3,1,2,4,5,1,3,6,5,6,9,1,5,9,6,7,6,5,7,6,2,8,3,9,8,8,7,8,4,4
323:5,9,2,3,9,7,4,1,8,1,6,9,1,3,9,2,6,1,7,8,6,6,3,2,7,9,3,8,9,5
324:3,7,7,7,7,5,4,6,4,3,2,1,3,3,5,3,8,3,5,4,6,2,5,9,6,9,5,7,4,8
325:4,1,2,3,6,4,2,2,1,5,3,6,3,5,6,3,4,8,1,4,8,1,7,3,7,6,7,1,2,4
326:7,5,8,7,1,3,9,7,3,1,6,9,6,8,2,4,8,1,1,4,2,5,3,7,5,1,6,8,7,5
327:4,1,3,5,2,3,6,5,5,1,4,7,8,4,7,5,7,9,7,1,7,2,9,6,8,5,8,5,2,6
328:6,9,2,5,3,7,9,3,9,3,8,6,6,5,8,9,5,4,4,6,1,3,5,9,2,6,8,2,4,9
329:8,4,4,7,1,4,3,2,4,5,7,5,2,6,6,2,6,6,6,2,5,1,7,9,8,6,7,8,7,7
330:9,6,1,2,4,1,4,1,6,4,8,6,2,1,6,6,8,3,2,2,6,3,4,7,8,6,9,8,3,2
331:2,4,9,8,6,4,6,9,3,4,6,1,4,3,7,1,7,7,9,6,1,7,4,4,9,2,6,1,4,8
332:2,9,8,4,8,3,5,7,4,6,8,3,2,4,6,6,8,5,1,3,5,8,4,4,1,6,3,6,6,4
333:2,6,6,3,3,2,4,7,5,4,9,2,8,5,6,9,9,2,2,7,1,1,4,3,9,2,8,6,2,7
334:2,2,4,1,6,7,7,3,2,4,3,7,4,6,5,2,1,8,8,7,7,3,4,8,6,2,9,8,3,3
335:3,8,7,5,2,6,7,9,1,1,7,5,4,9,5,8,6,4,4,5,3,5,5,9,1,7,6,3,5,4
336:6,8,7,4,8,5,2,2,3,5,6,2,4,1,4,2,3,1,7,9,8,7,6,5,3,1,9,1,4,5
337:9,3,6,2,8,9,8,9,2,9,9,8,2,2,9,7,7,1,9,2,3,3,3,8,5,2,5,9,5,3
338:7,7,1,1,8,7,8,6,2,4,9,6,7,7,5,7,3,8,6,7,6,3,3,8,3,5,6,9,3,7
339:7,4,6,4,8,1,2,5,5,8,1,7,3,7,3,1,4,4,3,6,6,4,1,3,6,6,4,8,9,2
340:2,4,8,3,5,3,4,2,3,5,3,6,3,8,2,7,6,2,9,2,3,6,8,3,5,9,4,4,4,7
341:1,7,1,6,8,1,7,5,4,1,5,2,1,3,4,3,5,9,7,4,4,6,1,7,7,8,1,9,6,5
342:9,6,3,5,9,9,8,9,5,7,7,8,7,3,6,6,2,3,5,2,8,5,4,3,9,4,4,3,7,6
343:2,8,5,4,8,2,6,9,5,7,9,9,2,4,4,2,7,5,9,1,8,4,6,3,5,8,4,1,5,4
344:3,3,3,5,8,9,6,3,8,4,7,3,9,2,1,6,2,5,4,7,2,5,8,7,3,8,3,4,8,6
345:6,8,4,6,6,4,2,1,5,2,8,8,2,6,7,9,4,3,1,9,2,8,5,1,3,4,5,4,7,2
346:2,2,5,6,2,5,6,3,4,9,8,8,9,6,3,2,9,8,4,8,1,5,6,8,6,7,8,7,3,7
347:9,2,7,8,6,8,5,1,9,3,3,3,7,8,6,2,6,9,7,7,6,9,2,2,4,9,1,3,6,7
348:5,4,7,9,7,1,5,1,5,4,4,2,6,7,2,9,3,6,1,3,5,9,7,2,3,4,9,8,7,6
349:5,9,8,5,7,7,9,9,9,2,4,8,6,5,1,3,7,1,2,5,5,1,5,6,7,2,7,6,3,1
350:4,7,1,1,8,9,6,3,5,8,9,1,9,5,1,3,9,4,1,8,5,3,6,4,5,1,4,8,9,9
351:1,7,5,5,4,1,4,6,9,1,5,2,6,2,3,9,4,1,6,5,9,6,9,9,3,6,8,8,8,6
352:1,8,2,2,7,5,4,3,5,8,6,4,7,6,4,5,6,7,5,8,5,8,4,5,8,3,7,4,7,6
353:4,3,8,4,5,9,6,2,1,3,7,3,6,1,7,5,7,8,5,3,4,3,1,4,4,6,6,5,2,4
354:7,1,6,4,4,3,7,7,9,6,5,7,3,1,5,1,9,9,5,4,9,3,1,2,7,2,7,1,6,7
355:8,3,1,7,8,7,9,2,1,2,5,6,8,6,9,5,3,2,3,7,9,5,6,5,9,5,9,5,8,2
356:4,8,2,4,7,4,1,5,6,7,8,6,5,5,7,9,2,9,5,7,2,2,7,3,6,2,4,1,5,9
357:7,5,3,6,7,1,3,1,5,4,3,2,6,8,4,6,9,4,8,1,7,9,6,7,5,1,5,4,1,5
358:5,4,9,8,6,4,6,9,3,4,6,1,4,3,7,1,7,7,9,6,1,7,4,4,9,2,6,1,4,8
359:8,8,2,7,6,9,6,1,2,7,9,2,8,8,1,2,8,9,8,5,4,5,2,4,4,5,4,9,3,6
360:1,2,6,5,4,3,1,6,2,3,3,2,5,5,8,8,8,1,4,2,9,8,5,7,1,3,7,7,3,3
361:2,3,3,9,7,1,1,8,3,6,9,2,5,1,8,9,9,9,1,8,2,6,9,9,1,7,8,5,9,7
362:2,8,3,3,3,6,1,9,7,8,3,1,2,9,5,3,4,8,8,6,3,4,5,1,9,6,5,2,1,7
363:7,9,2,5,8,7,1,3,8,1,6,7,2,2,4,5,7,3,5,7,3,4,8,5,8,6,1,7,8,8
364:8,1,3,7,1,2,1,4,5,6,5,1,3,1,2,7,3,4,5,9,6,4,5,6,2,2,8,4,1,2
365:8,1,2,3,1,3,1,7,6,8,4,7,9,5,5,4,2,3,7,3,6,9,2,6,3,6,1,7,8,4
366:8,6,3,9,6,8,5,4,9,3,3,3,7,4,6,1,1,4,4,4,6,4,7,1,2,3,8,9,9,2
367:3,3,3,5,8,9,6,3,8,4,7,3,9,2,1,6,2,5,4,7,2,5,8,7,3,3,3,4,8,7
368:7,1,2,4,8,2,2,2,3,7,3,2,6,7,8,5,8,3,9,6,8,1,3,9,7,7,8,4,8,2
369:9,9,6,7,6,2,8,5,4,1,2,9,7,5,8,8,3,9,8,3,8,7,8,8,9,7,4,7,6,2
370:7,3,4,6,5,9,7,7,5,9,8,2,3,4,7,9,1,4,5,5,3,3,5,1,9,7,8,2,3,5
371:3,7,9,1,9,2,8,3,6,7,9,2,9,3,9,9,4,7,9,3,6,1,5,5,5,7,5,5,6,2
372:1,5,2,8,4,4,6,2,5,3,8,3,6,8,4,7,2,2,6,1,5,8,9,6,9,7,6,3,6,9
373:8,9,9,9,7,5,5,2,4,6,6,3,5,5,1,4,3,8,6,5,3,4,9,1,8,5,9,1,7,6
374:7,7,2,1,1,1,7,2,4,7,8,8,6,6,3,5,3,8,5,1,7,4,4,4,6,3,3,7,9,4
375:2,5,2,1,6,3,6,2,6,2,1,8,7,3,6,9,1,7,8,5,3,2,8,8,3,4,5,2,3,9
376:4,6,2,5,4,4,4,4,3,8,4,3,8,3,2,6,1,7,8,2,4,8,5,3,1,8,3,2,7,7
377:7,2,1,4,3,6,5,8,5,5,5,9,1,4,3,5,5,9,8,6,5,5,2,4,5,1,1,2,3,2
378:9,2,7,8,6,8,5,1,9,3,3,7,7,8,6,2,6,9,7,7,6,9,2,2,4,9,1,3,6,2
379:3,9,6,4,4,3,5,1,8,5,1,3,3,1,4,8,7,2,8,4,1,8,4,1,5,9,5,2,1,8
380:6,7,7,9,1,3,3,1,7,4,9,8,3,1,8,6,9,8,2,3,8,6,8,4,2,3,9,3,5,6
381:7,6,7,3,7,9,8,1,4,2,2,2,1,9,5,2,3,5,9,3,1,5,8,1,5,9,1,5,3,2
382:6,8,9,3,6,8,9,8,9,3,3,1,4,4,3,8,8,5,8,1,8,3,7,3,5,8,8,1,5,8
383:4,9,6,1,1,1,3,1,4,2,3,7,2,5,1,6,6,3,1,3,3,8,5,6,2,1,2,7,8,6
384:4,6,8,7,5,7,4,6,6,1,4,1,8,3,1,2,9,2,2,5,7,4,8,9,9,6,3,3,8,5
385:5,3,9,6,3,9,2,8,9,2,6,1,5,3,7,3,2,6,8,2,6,9,9,7,4,2,2,3,8,8
386:6,4,4,3,2,9,8,9,5,2,7,1,6,1,2,1,9,4,7,6,3,7,5,9,7,4,5,8,4,3
387:4,3,4,7,5,7,3,7,9,7,8,2,5,9,3,1,1,3,8,5,6,4,2,7,2,1,6,7,8,4
388:8,8,9,1,7,7,3,4,6,6,2,3,5,7,7,6,5,5,2,6,1,7,1,3,4,6,8,6,9,1
389:7,4,9,6,7,9,3,1,7,3,1,1,9,1,5,1,5,6,2,1,6,8,8,8,1,2,5,9,8,3
390:4,9,3,7,5,3,3,6,3,4,6,4,6,3,6,1,9,6,7,5,1,3,3,3,4,9,8,1,3,6
391:8,8,6,1,7,7,9,3,5,2,1,2,8,1,8,4,1,1,7,1,8,4,1,5,5,4,2,6,6,9
392:8,1,7,9,4,8,5,9,7,5,6,9,5,5,9,3,5,5,9,7,1,2,6,9,5,7,3,7,8,8
393:8,2,9,3,4,9,3,8,6,2,8,1,8,6,1,3,6,2,7,5,5,6,7,3,1,7,2,3,4,3
394:8,7,3,8,2,5,8,8,2,1,1,9,4,3,6,4,4,5,8,3,1,3,2,8,9,1,2,2,7,5
395:9,4,7,1,1,5,4,4,1,1,6,7,5,9,8,6,7,1,9,4,9,1,5,9,5,1,7,6,6,8
396:8,9,3,3,1,1,3,4,4,4,2,1,3,2,6,7,3,1,3,4,6,7,3,2,4,5,1,1,9,4
397:1,8,9,6,6,4,1,7,7,2,5,6,8,1,9,8,9,8,6,8,8,2,9,7,5,6,1,5,4,7
398:7,5,2,4,1,4,8,8,2,3,1,3,6,3,6,9,3,7,2,9,5,3,4,6,5,9,9,4,4,7
399:5,5,8,3,2,1,6,1,8,7,4,8,3,3,2,2,8,7,5,2,8,9,3,3,2,1,9,7,7,3
400:1,7,7,5,2,3,1,7,8,8,4,3,9,5,5,5,4,5,6,5,5,6,5,6,8,9,3,1,4,3
401:3,5,8,7,5,4,9,3,6,1,3,7,1,7,5,7,1,1,3,1,7,9,3,5,3,6,7,2,8,9
402:1,8,2,2,7,5,4,3,5,8,6,4,7,6,4,5,6,7,5,8,5,8,4,6,8,3,7,4,7,5
403:3,5,4,6,2,7,2,8,3,8,6,2,3,6,8,6,4,8,7,5,5,1,2,9,4,5,7,8,7,2
404:2,6,5,1,8,3,6,9,8,9,3,1,8,7,6,6,3,7,1,3,8,7,7,5,4,4,3,5,8,1
405:4,7,6,6,3,9,8,1,5,9,4,1,6,5,3,9,9,1,4,3,9,4,1,4,3,8,2,2,8,5
406:1,9,4,9,1,8,9,5,1,2,2,2,5,9,6,6,6,6,1,5,8,5,1,8,5,9,6,2,1,6
407:8,4,1,4,3,3,3,5,7,7,2,4,9,1,1,9,4,9,6,1,2,8,5,1,4,5,7,2,9,5
408:9,2,8,1,7,9,3,1,6,7,7,3,4,5,6,3,3,6,9,7,7,1,6,7,2,9,7,6,1,2
409:8,4,1,4,3,6,3,5,7,7,2,4,9,1,1,9,4,9,6,1,2,8,5,1,4,5,7,2,9,5
410:2,8,7,8,5,6,6,2,7,6,9,2,3,8,7,8,4,3,5,6,7,2,9,8,8,9,2,5,3,5
411:3,3,7,2,8,9,8,8,9,1,8,9,8,4,2,8,1,1,2,2,7,5,7,6,3,8,7,7,4,2
412:1,7,7,5,2,3,1,7,8,8,4,3,9,5,5,5,4,5,6,5,5,6,5,6,8,9,3,1,4,3
413:5,9,8,5,7,7,9,9,9,2,4,8,6,5,1,3,7,1,2,5,5,1,5,6,7,2,7,6,3,8
414:2,7,9,9,6,2,9,7,9,5,5,3,6,1,9,7,9,4,9,4,8,4,5,9,1,4,2,6,5,2
415:3,8,9,3,9,4,5,6,5,7,5,2,1,6,7,6,5,1,4,9,1,3,3,5,3,7,2,3,6,2
416:1,2,6,5,4,3,1,6,2,3,3,2,5,5,8,8,8,1,4,2,8,8,5,7,1,3,7,7,3,3
417:1,6,5,1,9,7,9,5,9,2,3,3,9,4,3,1,6,9,4,9,6,7,8,3,5,1,5,3,5,9
418:5,4,8,6,8,5,1,9,8,7,2,6,8,7,8,2,4,2,2,3,8,8,4,7,4,3,9,5,4,7
419:1,5,1,3,3,4,2,7,8,4,9,1,1,1,6,2,9,1,4,1,8,1,4,1,9,5,3,7,6,7
420:7,8,6,1,5,8,9,8,6,2,9,2,9,2,4,5,7,8,7,6,4,1,5,3,3,4,4,3,2,5
421:6,8,4,6,6,4,2,1,5,2,8,8,2,6,7,9,4,3,1,9,2,8,5,1,3,4,5,4,5,1
422:3,7,7,7,7,5,4,6,4,3,2,1,3,3,5,3,8,3,5,4,6,2,5,9,6,9,5,7,4,2
423:5,3,9,6,3,9,2,8,9,2,6,1,5,3,7,3,2,6,8,2,6,9,9,7,4,2,2,3,8,2
424:1,7,3,3,9,8,4,8,4,5,1,4,4,8,8,6,6,7,7,8,5,4,3,2,2,8,4,8,6,3
425:7,3,9,9,8,3,3,1,8,5,5,1,2,7,2,3,2,5,3,5,9,5,9,4,8,5,2,5,2,7
426:7,9,9,9,9,6,8,7,1,8,5,9,9,1,5,9,7,9,3,2,3,4,1,5,3,4,5,5,2,1
427:7,6,9,6,1,4,5,8,6,2,9,6,1,3,7,6,5,5,2,8,9,5,7,1,4,2,8,9,5,3
428:8,2,7,2,3,3,7,1,6,2,3,1,7,1,8,5,7,4,8,4,2,1,4,3,7,7,6,3,3,9
429:1,4,8,5,8,2,9,3,4,2,5,8,9,2,3,7,9,2,8,7,6,8,6,6,8,8,5,1,5,6
430:6,8,5,8,6,7,5,6,7,8,4,7,7,1,1,4,6,9,3,3,6,2,7,9,1,9,3,6,1,8
431:4,6,5,5,8,9,8,6,5,2,6,1,8,9,5,6,5,9,4,2,1,6,6,4,3,5,1,9,3,5
432:9,2,8,1,7,9,3,1,6,7,7,3,4,5,6,3,3,6,9,7,7,1,6,7,2,9,7,6,1,6
433:2,4,8,3,5,3,4,2,3,5,3,6,3,8,2,7,6,4,9,2,3,6,8,3,5,9,4,4,4,7
434:2,2,4,3,5,8,6,7,7,3,2,5,3,8,7,4,6,7,9,7,2,3,6,6,9,4,5,7,3,3
435:9,4,5,3,2,6,1,8,4,7,4,8,6,4,8,1,5,8,2,7,1,2,2,1,3,7,5,4,3,6
436:9,1,5,7,6,6,2,9,7,1,1,2,2,5,3,2,8,7,8,6,1,4,9,8,1,3,7,5,6,3
437:7,8,1,1,4,9,4,8,8,7,5,8,3,5,5,9,1,8,1,7,8,1,4,5,3,9,9,3,2,1
438:4,8,2,4,7,4,1,5,6,7,8,6,5,7,7,9,2,9,5,7,2,2,7,3,6,2,4,1,5,9
439:8,2,3,8,4,8,6,5,2,5,6,6,9,5,4,3,7,9,1,3,9,4,6,8,5,9,7,7,9,3
440:9,1,7,5,1,9,9,6,3,3,7,2,4,2,4,7,9,2,2,2,5,6,2,7,1,8,5,4,4,9
441:5,9,2,3,2,1,7,5,3,9,4,9,5,5,9,8,2,2,8,1,5,6,8,9,3,6,1,4,6,4
442:3,2,4,2,3,9,4,9,6,3,2,1,3,8,5,8,1,5,8,6,5,2,6,6,8,3,2,8,2,8
443:3,1,1,5,1,5,2,9,1,7,1,4,5,9,8,8,9,3,6,6,6,4,4,2,2,6,5,9,5,8
444:6,7,7,9,9,3,3,1,7,4,9,8,3,1,8,6,9,8,2,3,8,6,8,4,2,3,9,3,5,6
445:6,5,1,6,4,9,1,5,4,1,4,5,9,2,2,9,7,1,5,1,1,9,6,7,2,9,7,5,8,3
446:7,2,8,6,4,4,2,3,7,2,2,5,9,9,2,1,7,3,8,8,9,2,1,9,5,2,5,6,1,9
447:8,3,2,8,6,3,6,6,9,3,7,1,1,2,5,9,9,3,8,3,6,7,5,3,6,4,3,4,9,1
448:3,9,5,2,4,3,5,1,4,2,4,3,6,8,4,8,6,3,9,3,8,2,7,7,7,4,9,3,1,5
449:3,9,5,2,4,3,5,1,4,2,4,3,6,8,4,8,6,3,9,3,9,2,7,7,7,4,9,3,1,5
450:1,1,1,5,1,4,7,8,6,4,3,5,4,7,9,9,3,6,9,6,3,3,2,7,8,4,7,6,1,6
451:6,5,1,6,4,9,1,5,4,1,4,5,9,2,2,9,7,1,5,1,1,9,6,7,2,6,7,5,8,1
452:6,7,7,9,9,3,3,1,7,4,9,8,3,1,8,6,9,8,2,3,8,6,8,4,2,3,9,3,5,5
453:3,1,7,5,6,8,1,3,5,2,3,5,1,6,7,6,8,7,2,3,2,9,1,8,8,9,1,8,7,1
454:1,7,9,1,1,9,2,1,9,6,3,7,1,5,5,4,4,6,2,9,9,7,6,6,6,5,2,3,6,9
455:4,9,4,2,6,7,2,3,8,8,1,9,5,3,8,1,2,7,1,8,5,6,3,1,7,3,3,7,6,5
456:9,9,6,7,6,2,8,5,4,1,2,9,7,5,1,8,3,9,8,3,8,7,8,8,9,7,4,7,6,5
457:3,1,7,4,4,8,8,8,3,2,1,9,4,1,6,8,2,7,6,1,7,8,1,4,3,5,6,4,5,8
458:2,4,2,2,2,1,6,3,7,5,9,6,1,2,7,9,1,7,5,4,7,3,3,3,4,4,2,3,5,8
459:6,6,1,6,2,1,6,9,7,9,7,3,2,8,2,3,9,6,8,6,3,3,7,5,5,8,1,1,2,4
460:6,6,6,2,9,6,4,9,9,6,2,9,5,4,8,3,5,8,4,5,2,3,2,4,3,3,8,3,2,5
461:7,4,6,6,8,1,2,5,5,8,1,7,3,7,3,1,4,4,3,6,6,4,1,3,6,6,4,8,9,2
462:4,8,1,4,9,6,6,2,6,7,7,6,4,1,5,9,6,1,1,9,1,7,7,5,2,5,3,6,4,1
463:4,9,7,3,5,6,5,7,3,7,8,2,5,7,4,6,9,3,3,1,9,3,5,6,3,4,9,7,2,3
464:7,1,2,4,8,2,2,3,3,7,3,2,6,7,8,5,8,3,9,6,8,1,3,9,7,7,8,4,8,7
465:2,3,3,8,2,5,1,6,3,2,1,3,7,2,7,2,2,4,9,4,6,7,2,9,3,2,7,5,8,2
466:3,6,5,1,8,3,6,9,8,9,3,1,8,7,6,6,3,7,1,3,8,7,7,5,4,4,3,5,8,1
467:3,2,7,3,3,3,4,9,9,7,9,6,2,8,3,1,5,4,5,9,1,2,7,4,5,8,8,9,7,3
468:4,8,8,6,3,8,9,7,3,7,5,5,3,2,7,1,6,7,8,3,7,2,7,5,1,7,1,8,2,7
469:6,6,6,6,6,3,4,5,9,1,2,1,4,9,4,6,9,5,3,7,5,9,6,6,8,6,5,1,3,9
470:2,3,7,8,3,3,5,3,6,6,8,5,9,7,1,9,5,3,3,5,5,3,4,6,5,7,7,8,3,6
471:4,8,1,4,9,6,6,2,9,7,7,6,4,1,5,9,6,1,1,9,1,7,7,5,2,5,3,6,4,5
472:3,5,6,3,2,6,1,4,6,9,4,5,7,7,8,1,9,7,5,7,9,5,3,3,5,7,9,4,7,9
473:3,1,9,5,6,5,2,9,8,9,2,6,4,5,3,9,8,5,9,6,3,5,8,1,3,1,4,2,2,7
474:3,6,3,7,3,6,8,1,7,9,4,5,6,9,7,8,6,1,8,8,3,3,4,7,1,6,3,2,2,9
475:3,8,7,9,8,7,5,4,5,1,6,6,3,4,5,2,6,5,9,6,3,9,1,8,5,1,7,3,6,9
476:2,6,2,3,7,4,7,1,9,4,6,2,7,1,5,8,1,9,3,2,6,3,6,3,7,2,8,1,3,5
477:4,8,6,3,7,8,3,7,8,7,5,8,4,2,7,8,3,9,7,6,3,7,8,5,1,5,6,5,2,7
478:4,8,1,4,9,6,6,2,6,7,7,6,4,1,5,9,6,1,1,9,1,7,7,5,2,5,3,6,4,5
479:8,2,6,4,4,8,3,7,4,3,6,4,2,6,7,9,4,7,1,4,3,1,1,1,7,2,8,1,5,8
480:1,4,7,8,3,9,1,6,8,7,3,3,8,1,8,2,5,7,6,1,5,5,5,2,1,7,2,8,4,8
481:8,1,8,5,6,7,5,5,7,3,9,1,9,7,4,6,7,9,8,8,8,1,4,8,2,8,1,2,3,1
482:1,9,4,9,1,8,9,5,1,9,2,2,5,9,6,6,6,6,1,5,8,5,1,8,5,9,6,2,1,6
483:7,5,4,5,4,8,6,3,5,4,2,3,5,4,6,8,3,7,5,4,8,5,2,7,1,1,2,6,6,3
484:9,6,1,9,7,7,9,4,1,6,4,9,7,2,3,9,7,6,5,6,7,7,4,9,4,8,3,1,4,3
485:3,3,5,2,8,1,4,6,6,1,3,7,5,7,5,1,2,7,5,4,7,2,6,2,9,5,5,4,9,8
486:7,5,1,3,5,4,1,2,5,4,8,3,5,1,4,1,1,2,1,4,6,6,1,1,6,9,4,2,7,5
487:1,7,6,9,6,1,8,3,1,2,2,9,5,5,6,7,8,6,3,3,5,2,1,8,5,8,3,3,8,9
488:8,8,8,7,3,9,2,8,2,9,2,3,8,7,6,3,9,7,2,3,1,2,7,4,8,9,2,5,7,1
489:6,8,6,2,9,8,1,8,9,2,5,4,1,1,4,2,7,7,7,2,6,3,3,7,1,3,9,4,1,6
490:5,5,4,9,7,9,5,8,9,7,6,5,1,5,6,8,8,1,6,2,5,1,4,5,4,9,2,5,6,3
491:8,6,3,1,5,8,1,2,6,9,6,9,9,5,2,1,1,8,1,7,4,7,1,7,3,7,9,9,5,8
492:3,3,8,3,2,6,6,4,8,3,5,3,7,5,9,7,6,2,5,7,4,3,8,7,5,7,5,1,6,7
493:5,1,8,1,2,4,9,9,8,1,4,1,1,8,8,5,4,8,2,3,4,1,2,9,1,5,8,7,1,7
494:3,1,9,5,6,5,2,9,8,9,2,6,4,5,3,9,8,5,9,6,3,5,8,1,3,1,4,9,2,7
495:4,9,7,3,5,6,5,7,3,7,8,2,8,7,4,6,9,3,3,1,9,3,5,6,3,4,9,7,2,3
496:4,4,7,7,9,7,9,9,9,3,8,2,9,2,9,7,5,8,7,1,7,8,6,4,5,9,3,1,6,5
497:3,8,7,9,8,7,5,4,5,1,6,6,3,4,5,2,6,5,9,6,3,9,1,8,5,1,7,3,6,3
498:2,4,5,1,1,8,5,4,9,6,7,8,2,4,6,8,4,6,1,1,6,7,4,1,1,7,6,3,3,5
499:8,1,2,9,1,3,1,7,6,8,4,7,9,5,5,4,2,3,7,3,6,9,2,6,3,6,1,7,8,9
500:9,2,8,1,7,9,3,1,6,7,7,3,4,5,6,3,3,6,9,7,7,1,6,8,2,9,7,6,1,6
