99999999999999097301659926991595309898679195424292425248523357565303473783918161843887020703287633417225292470571261291707369060466587191735142344585245570715669953774117054585
99999999999969666992172863713686142864153480261471014873814579773718427195236867235907056989644868123488344150489285730610595763121328527801735211884707854525158064316081957264
99999999999995919999179399184951070567354185275956325933747150993779257520259302230810737147543368379401130050922184327940720827639197396806435223263791657592655130905006771183
89999999999999999999999998081255348558884010672200400468769697227912748962022257568633797799769999991665694467335374116800781896319335979245253573592096924602679959243522881352
29999999999999599999993913091426011448576447529211710708733314872930068806544743539999999002999999995701599999927474799763221698498445352989036304172390728281248955866726839481
63099999999930099999995306119065981061475438048500195489819584877830185701322942859999999999999999999999999999997573869997720738082199022648541696361731922607054864616475090942
79999999999921391499973593730843975126757325962749037897420970354285683599999999999999999999999999999999999999999999999999815144650230739530184832956632418806804081358286872639
34499999952107379777196982691835599824373201564566727978209792571198292559999999999999999999999999999999999999999999999999978097994841208921093519415237024550762740271907844383
01999999923488359925158268573288545401290782776779059124806162202399996999999999999999999991560899994919299999999999999999999497159671311912838517408293806162746074387973206734
59999999946602768347699285927354165888242153982000101199752889999999999999999999996211799999756319999259399999949999999999999999999999939475219725840928201735849347120201783817
99999998238677741155798213685566078897932753227951660034468109266999999999999189999911542600398984989283175969615374999999999999999999900942455402964500277944409326729411737329
99999992199993699933832769717959296413703042969492939121846311747999999999803938282264519699735022951121726176715675999992999999999999943519937702898424911455083179088823791714
99999999999999999588174715072218192144941738687639119882229999999999994999939445011215398303593657077905799334499587599971144499999999999975243663496530382360544233662439421679
99999999999999994753814097296174097077514304498456161853989999999999949733373671947378923473712024217441252562698644477596413499999999999999999937727039361963627218228269253295
99999990719999996579430688434214058969114655476241862532179999999999991862934377647750512018817333037375075078117949195541532999999999999999999951761132066651501780428715971961
99999994114166109863162434731961098643226290789842747756999999999995167352151415854437159613791015217981604913382990702104281549877922999999999925070957771987918251769199290371
99999995127837357930580652675642397623051292653476932999999999999671802583332165200736132562454750457328010429688386348962341833865243899999999967016699061893170036261709681117
99999929711617959392873982019378330524247458754374499999999999997419647418904151719298920610933308562070340437633463818196398556375224699999999993993955003862361278252472001907
99999949934984790994639716562660258622036556864063600999999999628179426900844492213003358611298872143794470419366544439970500975995759999999999999999999915363695621294768805744
99999920707468685483416113382398050808487513554117556999994283636845618541970629743659670421723085226047230458703674321830944206278004999681999999999999995313229999686722671601
99999979994399987359421213926472332648106520343031999999987459431526833043580795786105899919998743516192094507667953030190129222316034169631379999999999993869079125199211786703
99999949999993623939572174561540409926807191175024999999999151056754583452045293957999999999999999999200300228528957874524041435675755471126249999999999952003711087511906330428
99999999999999892503676328112796887727286486476142699999322009330370861943111629999999999999999999999284622774457702250449204902225203684242723999999999695322511212556205212007
99999999999999365589219811606731934826300839925773799991484860642464532228539999999891633399849899999999959790978754099335336010388227612615399999999999877817499995571245930202
99999916899990803472414748092463317534773579155569999999963558834081793619999988610399894680737663939999999943961236996269725836959960298017499999999999999954222449572927531976
99999991173027876937297331165339083093738099259499999999907724963377858699999103841031775435126457793999999992311631831240680863199412405319381981939999999199999838450499526392
99999911436351937993117409439681281324641088634999999999129184215070992999988041641755870561943473589559299999792068917314771200087834008714038932082999999999999960911971618840
99999991197391265147673146224338892440990557283483999999232129135171555999974149611888884196369718300463399899999563256043839337552703762095110671583699999999999917171952713391
99999965995007992495008473088290867171091572788154999999954827329275439999323865888999999999260965274121374849999221782596090774928073676597799583369599999999999586471133445403
99999916992929996941820477432680443498684781510999999999220401215564819992723958888862074199992856072039669999999929692770368976095862203850011892399999999999996691959370978260
99999914999999452515150669214539877712797970248439999999623132900136549991786988888888816131999641655217939193799999122875692813630347515389946370099999999999956574772174309230
99999999999999997548021203532845554124948967935895729999931440240474969998072788888888884253199995613350310946799999216236058347409285106707722772874495899999999999815966237648
99999999999999985256219216725424188858556862340123999999993348927847683999204948888888888896929993959648762286999999277013104947298632986754630138658947339999994799998905216199
99999999259995141494226607085217919010026307281030999999344466006817700499936543888888888808619993290025473965427999895574292975969622911122558641207533179999999899999941219560
99999999974182374149986911105972745846815861131866999999999179909947453899998558763888886291469999432751978739974999995106030117782529614931776089797137685999999999999996226739
99999999926587769713232928019916816135788202661534977439999929921453800545999999999998833081249999247839334322699999996282655754765121566398519961195797252999999999999994067572
99999999962450448892533556810346821225336567542553942899999925983813191211486688888426829399199997707935246786499999983535315857512239015252548677683762699999999999999941597988
49999999995103926998496462911536582095917262087453749899999999987336629087111107674788134741999943433602508139941399991910745335626818691218609981960337999999999999999294926161
79999999995299912999652661617351640955094216441821589262219999946193332420587837363696764499999931740012394501245999999449026338252573293572777918591511499999999999916572937182
42769999999759999999621565257480657112368509779137377858199999999997844359781410488646545999999778992956713057999999999131834451824378942339608883813677399358999999991589971721
75319999999999999999853735339455149432892143602957508869789999999996799892456245092092999999925150714527950183938999940188534392848673908149513874391645289953819999999998476893
36851999999999999992633899639700047456793498438815355028751836499999999424999999599999999992439888424170518199963999968920220716116437381636901222225206127179911999999999933410
21899999999999784782354411359541006976405280986020622513590917299999999999999999999999961786113067943599959424889999999433317810586993792249370117183499763562422699999999999824
92999999999999994029758522616375539626595181793525415672753772826680899989999999999549613708484832952981821149999999999729791267206701935973875302212797613115811599999999999993
51999999999999994422663649190101838256579398491286406697951544399563238611299221112724579083681807738078525121999999995962198742378055732710255074703533144719293099999999999991
42699999999999999390944799127799821580754316450200929071519250715437549862853911221418369996902279458480411978999999651387162711241775451420442737623088132999999999999999999947
28981969999999999998999999999475797179834297148806277412597328138856054990871728476811886149911075740964479999999999036860676674696095486704580116148977533999999999999999999372
89044791199999999999499999999742159271960222813908112295702197894189323757075243707413280818221064800251499999999999421921356090407247527127577543748809977799999999999994991587
37989999596989999999999999994759273232970653464861336642206479955851361013228869413790120030395010045924879999999999194360731868457672958807998852654005039997239999999978010730
89428480397189999999999952156486176534744013203777184173159724090369510257902765793857611897113555621815199999999999047749100914951035145964145591122024409424437999999974843619
77383970967333999999999999305995734932101412942731350320602912495000548320244337825170171639454720529999999999957935349564971838209225828738284049177402077296117999999686999111
81410670361179999999999999625367424998399599481186610850542573367437853223084003134596003172372980999999999999932507832881209106289317679506919670325969132292554999999009891191
91989163731189999999999999999218999999956271981987874391604317251110622528982059335912530017126299071999999999999905605496977901133457740754349422846996155715209999999654999990
34709676185349999999999999999999999999937792366485758314972633272851564084418958964110412901748956526999999999948113887618572883807933548706344524701087557069009999999999999999
87558222646932499999999999999999999999928754389272057823198521071755720636653022124604642099999992699999999991362380943917431857638769189064976354789972814599999999999999999999
51081049379313633691559859999999999999999286589999970671879907800473144619207197546499979403999999999999960510726010990971755639778693694701827529076659519999999999999999999999
64562772406034403999430261999999999999999998599999998498792518514656646460708424999899912934299999999999777783155022383396460544968886121254782094233520792999999999999999999999
71209344425774614423137331799999999999999999999999951268629999985499749979982214739999999999999999999999896997267910723584949360797091064375916710701361192999999999999999999991
47116412749448501833972165299999999983999999999999994119333899992133665899999202599999999999999999999993086110664124473204549923599269554443692403910934799976599999999999994516
66941991225090762785275532699999999993749999999999999999999999999062278999999999999999999999999927505972066634854778403303576379235282620873140511905586891197395999999998579276
13852775488249937299383220619999999699974199999999999999999999999999999999999999999999999999992397186811454511657698988730781976810598390423662720619637349320094159999999920775
35051158760235636629999997906334999028641999999999999999999999999999999999999999999949999999999997171149196975014374703965626495201564393471476692629307283403782591899999999276
91823567682364616949510769409512499924357799999999993589999999999999999999999999999952729999991183564569932152365338986425929261766160491170302140192392238352177345799999999984
99082689416297499081054278880787729510439179999999989959189999999999987199999999994212373821252939846161950209465277522080426182564618071253945064755921721517672605626999999973
94680625663379437827887408529155899714173411999995974183559999999998983322999999999922127132797743440527560288178312898074567553844373499872762883919819027426531899998999999992
10027583711489221610731983756870077795482343397547993143055999999942770954204989379962030189370356434835513812484386463175707244075579595099369857142079999999113299999999999998
66462998902907618509015220541548405656466986351331999877077361442699433608773881980377724219089934198508455350868776562088926092460920729114850736183099999999916799999999999999
92384348713716246592100018478190644207354739849382369577181781945767752748322059164239543556940085128592455196592098281616703982460328532465784770041449999999299999999999999999
12696581644747045259820410514511098812476353843900808291574096719355111294853102719535517951862411252701976368594614089774115255177307096315237517051359999999999999599999999999
00406342289024984425478334998973957466547248701108836072900978646495312966054263673276145429264126101355933548678935412210040204666297219801034456799994579999993967999999999999
13557032725520055605148890708191272124255456167079824310302246076437804422848638350259353265774772910512577860456931124840737536167103507608205409990499519999822297399999999999
23399466865759568264590590616687518234684749152956338147391124420903896445468530432388314553449663726768702822938947689923053683930069546879999319415331386749904133799999999999
