4141594274673937632152666737179952489851111552715511717177754964531121362547126325165563719537782217173275512394346782742436115745455374516669371464593484463474981443838844579986312247142837965688887674
5614965247215223117112117728925672791111111111474532515111111111181616841864136787897161622234929411111173465462228839732322176929111111111112898899111611111111168289631681161989953437375961111111111445
9457111111111248478671111111775611711119775311763283571112111111111858284111111288217236773469379115598112287561111116563412188111174616793171914128711146263811163776111113953811111741325111139911119356
1911111111111112355141111597189825111321948732392421291211153762411137579121111125323727983429964192499164649431414811932257491125966569267785366398114141649521144611195678643272211157725117594261217497
6211174648711311134414117211662397951132836339163475138393115976811177797121377119816421489652146166561315322915812912978775811973858937511113441141566418238851111139832879762811111492373311938325988424
7911289566585294117997491113115873784111474247541373492645521158741121117111144566583632759611649114181462984594474417116717917664441111651441547811932318963311225114855647376998532715111933112543512827
1811115146411117511745372275414248626671521761897428831542323743881197881411177557537515168111976111587985677467638413742787711111111194611116847115271111116113432711111111377511535787981327771972521878
3551111111111111198818161259338836779271665427975111111111973622711778115711115714551134783156126547111531459595813411951991951111341111119111119314163892961111332854868478951111832955831311118939417794
8137111111513241791979926681111111159313543755111111111111112444983924264871211218311423831152143226114636424111175861614176138256419691156712878117567137632358849813277341111115877956897111731115218991
2272778167192677672954342611222222115418392311111113165112116479417521111111111111114362717132115796685343971122176736111116457211123511539236827514413112849581494987271119451521451769611923435581328293
3179363367389391113931594112111111111171569111155675613381293869781111112217736411145473374111644281767493111222189653413384521111192211917134598689511111197382163397111258413998463181147756837335125767
9888213238766111111114286212131138617156381113464762213227796353411111512211176992399111447317261883384211111232145744186454911122115418894166398763912847217328318211831661711659961111934454787833169743
8626422853526118751911188511116169361159571111261474111111437821111557412219274824511121993995835277111111211232152675796311112222112718477331199326514498548983918251297181347593847216596185762191116643
7522111111578111727975739838111182132111456911111111119199236235111894412111697451112221725238311111111911511222111111111111112332166111964461491293411187135339118317111191745596961519514115978519116192
9411111111147298551415568185641111513228965951477817378547481216177979111171277111222321883711111173658359112111111111111165112322173113811148127739954111128976178195677562581414357115724113171424154194
3761187928114244833662842312957879416582848614821631111111819623157479111889511122233321241111678449411461111125343777956721112221179411116981679338215461111111185913241237127386172811671711625911284884
3511187632511838916117211118253686411231235347634111111111111658155611118271112223333221111221111111161111118247311111665111222211235351466349811144531113315619778254815696116936122718177241113111786726
6711187639572123942718111211114249411111111194151111353851121265176811175911222322222211111111111122111221464726811986941112232111439582624191112154221549428177896795251119741111983671694461211147955695
9811347455423311999641121111113113112111112114321211685634111811158681252112222221111112737717545111111121111122233446111112332183485412156111222169911111111119871968111935269111865891319916559767176967
5511191418196114731998121576111513121192111215591111577923311878235577111122211111487848158561896959361111112111166314839912222111111111111122222141111311811118843681726319871112923836794293575227672966
4991171221111867122935111251517137121292471211458111181315887277683811122211114826679645246488973228942971911112111187511111111111112211111223221199311725422111286293726369572365274231451456511673955997
9521117111118769256328711181997767111181121117291931111188454991121112221116817766764111111111111111159971295811122111111111221927811112311232211229791833232591331171219185491714534824272557111111118851
8589111114713843325779884111597872612156163154312233824111477985911222111743848361111156833895711311111116661716112222197861867355598481311232115663641279942281729756459445111165288578939241128661931641
5851611644183511111117247544111641811118791917114523779577948561112221127161362116174385368216574446142111111333811122118931641111191848112222161537315239677451128715361111111365591492296219186327161521
9884524166439111111111114542882532855111135768611111111177146711222211956362941214967648474111155693243962116621284112211213264993842511122211196657595622818471413221111827543844861988679713611638111944
8434471212761111825311148326493684536879195774111111111116861212222114684183419469573941111111358671211111141913834711221116634247111112221117117199282447111613941591133544651853424662772412384635553697
6582182129471113277994122269111111111254957721121656221216353112221119698874229781694111221159983311115463241556372541122211237811111222111352524961112879971776481742112211119974611111315863661199485363
8753131549732111983354953951111161111111186969121234991119561122211317787692718944531122221182442173774516591111112475112221835485861111153274195711821184767125426765411111593158161497112844254964183197
6114919844788511111277623471117345835111157585121137371135751223212942111761617221411223321197169135221776871128411379711221118713367111666825567771759111913323828271143525557461214533211358994163185149
7559193631942714411117535545111163841561116398112164911173511233214823111191593676412233322112855129811286511732992436941222211129832911797949454411813241125845261211111916518914152152119348263111111161
4938179537496567236846666279111117982754838972711114911219512233214762885352419147312233332211111111111969611378113122731123222111111111118515738473199633161137241128761116555211245991135556491364211147
9111112551112219843275114979359811111131571182651159911978612333214113666976149296111223333222222222221822511982173675562123332222222222211177634227414243119861116884895111122863671672657772215619581155
7711193241214442831111113213526189879323954593442627311783312333217311114464272599191122223333333222111111111744541116874123322222222211111767654149115247412756113919214811181234695329724259764999211117
2241121981212642111114625445635957742621116771195951241196112222211111111111196478117111122222222211111112216125289111325123321111111112289456275395714992518782512171161111387517743333378962718678599924
1771117851112271111592419811868831111111211111111177231494812211117417175211112345829875111221111118619912211476519211491123321468563718762759456394199779114545172131111141128125421111111838762636645215
7541189311145321111947473191141111222222222222111129458194712116129969353429111171558447111111981344961112221515629911194123321119488223111111111118311882112189849984934752656111111597211116554118576453
7886112111611193111279111986711222222111111122222111835918211173411153218975821111392148817621132111112812221197637611356123322149146664731233121117293111137551382413698814352118565491667116283575546929
3466211112387144111111185137112222111177615111122221116711119241111577219535657811116619454257519148287411111759359611412123332111272364628197971116327694759168111111114767251125884711771117878111153172
7154763744111375821521351581122221198594189969111122211112211111194729114242862782111119531139951939111111811567831112587123432221118867315845725411187994313111111652311131521845482571111331371189111773
3825645812118363456957221821223211961511111147314111122222213147433784118111121275121111111111111111111111211738391177861123433322111444241199981147841395353132489461731152461945111111397534571539681118
5625589981133611362434632411233212595189623431389852111122211481877988111926555747318941221111111111141126117991911626971123332222211277472721118946854792826153783192111456461938619844393384914764111153
6186756161235111245573454111223211419812255785552717583111111111329811412334812797761111211746933593852141114446115949611222222111111118733614187883411143641113676711147729539749511111111671731949211482
5529726511957511643912922651122211355331111111197322456863885371224513594285632781111121119529636236373911112821161856212232111174916719414438341111112111721211749211333666843851611116611115656239126213
5668596711111111718175153311112221172611122222111174428343385961149686826825111111221111538142347363179471187111149954112332133531993711111111167498122221114323129929944714926594711628713115751139653477
9521166711112117131137361487911222112888111122222111157714935639365649111111122222111968962955943368291441169416554618122332124126531111194431114981123322211173411162451111111186614398841163679928852741
6423417624111122851118431483321112211166611111122222111111111111111111122222222332126321468561111147193241263899471611123332116616829113237311929641123333222119755898111111111117711845222471241211147298
1711511775442464131389111693452311111111185639111112222222222222222221111111112232111111111111119714987711631687393112223432111877277181785113194211223333332211177641134837996113381119984498741117111454
5712911194773523361858311535236975961111111928368811111111222111111111128132811222222222221111873437111176764816395122333332221721851415791152726112222222333221127711472139311119827341111121111153211165
8552911194587226541173111193173529261911863155558996959841111151575934374791561123333222111152615311112811113591211122222222221276128474119457771122221112343322114711459841111137438146398954811767191675
1777363112845147391111117111111111322166168813111749685747389211111111246485525123322211186464281114114511691259112211111111111163613411138752511222211512333332212111579631157748133111116632396698811422
9613497111341611799311136351111111155931511111117591923371114693358311686353641122221115391116111645911134783311122119419871864282378155742566112222114612222223211521268619534711111111111698583819687613
3118955111936941118753829911741341118982211111111785381587374199264111565751111222111126351611637541114357662112211178417557552549246941697911122211161112111123211887426174449111111578471213651366488187
2311569111277747116889167115417611182447811227811342194111117192791132961111222111128919321115732113489118981122115126269511111152527992381112222119727211111123221249683123931111619235926317211345131641
7721199117455115117728312123722212147985841756621139311118446521117662111222211161861882572788911571818588111211113681116842111691417181111222211129946111476123321656268215271114414899298731429111161622
6449311139715114117792361548373511159244413125867748111222615611832411122221118542651154973716118131133531122117289711911116931295621111222221113548591116913123321992289211188111188569328453811171111915
7146775415326211116634811744532111272111111327443495119433451186151112222111248763816111112891178116989111221194669793913791983111111222221111363112781112514123321185795112173541111111111893112523811113
2943778877493551247125848674251165285111111299687931139531112568111222211116148597571812215671111968811122221439186451833111111122222221111516611229811169821123321453211122117938496524579865111637431185
3621919528339849325385682364474163471175611115241641192111418311122221119282641584477112119866449243112222221111111111111122222222211111777721118566111188351223321741112222215935443826166981148114241173
8812123539855582511592832162165611311587312175469872111135246111222211774395181397895121199538271311111111222222222222222222211111118272378221116431111539831233321111222333211293511111119765516161631143
7252511289181173417395241992611926791236512116723919326879971112221111643219732738111111478754111111186881222222222211111111111647459383411111894111119363211234322222222223221632111623561852366777111365
6458271693137169217649181111111152442369311185173919573452211222211446771199291621121119228311112123723111221111111119289397272727995645918959551111552552112234333222111123321122117697951163972131954521
6837371164157119711914197618131177124891911854465931849548112222111821117975416971111568961111123816111111111841341746417172111111111862621716111112711711122333322211149123322153117186916813251166597227
4878451124128115281119587548271124245947311663152311139321122221151761185855151111111553711155348111111114949842134877761111111111111118976111115867551112223322221115222123332159113718629375381723569252
5117421111113519431175536141111351265865224771198954115911222211628111129911913111978951111385871121112999768463178111476233157444712211441117372745111222333221111925595123432113311165916916482511118421
1761611246111612652111671671111936673149816511234676199612232117152115168115721141637711119437111111192913631798377111641928876139712119418114241881111112332211715969466123432131275736516736471319611394
5374111149611117495972111111627712183617114611187961181112322125211126511111111941723611125851121114549925611169611147321919141679111185886519561111112412322115311761157123432159246779144582895172551965
6182815194611197776644472336965571342911979411986481841122321146551227111694619861146111889611211498541118813173116859322813346211117238919914561119759112221155117381126123432136224921111146332182921239
4991452638692443922428958438992711119591125511791415133123321735613516111254756318997111411112211967115757119951163773113531111111517274897667111198571122211968115751186123332148471117771631146884152781
9114147358646566916217111281919111149191343631111189731123321357439548113737445711741113215122112859115911145211449688211111111116687765897111111189611222118298111161157123322163311237921241172885732119
9921452316512864381269698611182111773111492921761886551223321263438783111172729114651218691122171821121621928111273164246551231147563175311111396747112221139464611131821123321172111478856511972784494884
9811121114779464831197833891755751111133147386512215511233321578287781111269831161781213291222142761591181631418953311813224771119111111111122138411122211377345212111481223221536116269681114488721272158
8331971193453262344111167311573145759116478614498564251234321538111113111169111143571212741122111871168691757414368461826453111111111111338562373112222116766189111111891233211957117341696462972111111553
4121111194611753171711111117827139658838935124167355531234321872231113792111119627771112846122111857118921146316998422263711111991984962611187731122221198146311113713811232218393411911668469111449211226
5263997491711391139567914152181787523517621121211656331233321653782119294731221279864117188112216483711231169519141111111111144182571111146954111222111532517211694681212232116235491114533511172875113978
9351334592111242195183113723958421466368411168711167651223321911311114761831579118913111444811211832621111138213341111111299472129115119751611122221175721419111155287112322188577291429426119834361459364
6474981881175521192958111464996671149219558114451196651123321241111144211111111111758211153831121175132811289214459613673464438786223439571112222111417812412281111891122221117431112342351142662111969686
8231125111136311184251114251124171117617854711111131633123321161118914911353811272576731112351112116332964524119326763111111778455157946111222211159545195711111171611222211645111111177511239633262683422
1711271219111111491234815259151411164319548845597863888123322187111811817392188987192346111683211111117676629525135111115911182724241111122221117861134835111883285112222119751119339112411726251441549425
1714848511219333388656811469611111245591626657177315517122332119411198921124849611119816231111383122211118834873637336327566268461111122222111479321142936218227341122221154311184357211871111111145168851
7117294871152777916118613788243342151113111165111116898112222211981169911288113539111827482411111123222211111461716699721431111111222222111174312895411566382167111222211764993194144871821811524441111572
6192942195778285179327117855551953841917633468176431112511122221655172738371511932111194543683111122222222221111111111111111222222222111111292898663111923627751122221113338853112555111138391349411351379
6111975311571371183611118179178165111367713892772132113395112221128864718966411137571111416161796111111122222222222222222222222111111198415987111113211263882111222111236294995113711481174166918216171157
6333796198163996111117281346539218671117711592381111182941311222111861115994731111661181116781579431674111111111112221112111111122916342818911111392911348311122222191769379111118191111164494471162461142
3122541963915216511498175185848861318111111111111115515488591122221192111187875111114417113681511114816752649824911111811133382873819267111111115942116181112222211152328111111571153411239175589625911128
2859281996665131715166681589296115412453736162729331487436438112222111122111158741111111113212621441111111111183135757297211111161553411112111691667763111222221114951111375114322694922675171752778911917
4584291116445121111551531125181127842318111612694421294315331411122222222221111664757111159794652334859981221849311111111111988598711112211191965329111122222111461411898661161596619172741671137664511139
1529138111613516576217744111117378226245111934119111111811414912111222333322221111983666365295611111111111111282113391111784219911112211116342811111122222211117475176272481823119883551126779165161148462
2432189311156592352883318212638397711111111136221239881111689557661112222333322221111181613438386691111111324456542235441141111112222213633211111222222221112982211668956264292461111111139939111111495928
9168111633268564721111111184528861171845411931582982579258128111588711112234333322222111111181638389454856885439899211111111222222333211111112222232211111727945811111188233963111115457311944374552653248
4927711323132191711318414213718274669896414586237569315199449817613934711234444333332222222111111111111111111111111112222222233333343222222222333332113375564869286752269823511112315842215225349911111387
9363291499434221681142911539112549887132819653861851125682777514682141741233333333333333332222222222222222222222222222333333333333333333333333333332181434397884424561177115891112743891116727836112371813
7597931153186871697111115311414679311111111111111111111111111111111111111222222222222222222222222222222222222222222222222222222222222222222222222222111111111111111111111146512111111112911529748113121789
7568751192113532167635111115332939695328111111111111111111111111111111111111111111111111111111111111111111111111111111111111111111111111111111111111111111111111111119111641553931965992697335651116438899
8141691885112257913724886229591712143667848213157264517932256684392979784419747459894829896546646111925889738677542763923782138664597222387128592183543153518424117774162164227319731111111115391163959643
1731117156111756126214259741854378264911611687711111111121636311112942117818851111839675133911111895947256956615874119241111113285873897111821962146274111111119314469111111149959811456613111931144684916
6168469476911111151115851114232859825134111442117848111115211164911116561511111111111435711154477111884638462116861879111111111174777111111111199597711111156711831861139441114176115113428971421116943983
4189547148129911177346263791114417426174861761281386541146116771821182888137473983121262411554588716498716833385115691122719585114231155835483116683111158665879677475628374112139112794764111254821689549
5522719761975813283796717433116331113984611291918927111296121741111823915494192311111563914434375198634381724721116541146916168781621179861351161431119364117813288557775675613344211113413979251492992317
4136175444838318311146266111144931111915117867325891141524361111633535846513111111242961227984772859245371116313211915113954614317191696711484121135117468411976556887212445311371931138474174922157492549
1311676911815515593781146831656987211151147981681414739121915829799231484982218634223845982492811211111183391156124661181269253188645372211511172652885311179318686469788599382434694115647711446111115842
7391844123141841236927411937889377444794698333918784321282161463296537356198397551522751558712812116512511398728289354475189382171743633161111133583117617987945111424483896119244167118977267451175211437
5971379296684121491965611912151111111112467663212311111111149351127111111426228143298121111111922154755661127298177688817172396143379511668414811116681117632927278112296116132755149511253117858414111848
4871554458333194915321711688789185774341111157448516417519411961115955391113581413766866444111811915628675118616295173125479561116496156619989559116858118457424512711126163832152283351382471355877611598
7621155198851151981114118699682562545411521112356242817597112237971118551112533439117258621119169833491545579731794981383698396115688161883163111116687811195116884941111175842511319111298325112763117974
1553111111111382638111137771162611111111195533621481111111674218612111111126712592199111111329636448617414825729111111111931418331111151859817966583279477111145752722832677291263611293364212311111197584
