5171245359722917813493224446353
5595878297381356167975834166127
3263927979246716985963739756181
3352487375244326941599523352722
6599119989833228669692181756392
5313383368578618277684415732449
7474919371344538924661386177279
4834342532429338831582249523277
6518888666572124521893748984848
8427765395611269941492279941811
5913374621875455278268289829451
8241574719224722275126371196678
6316381397559191562724473537566
1688525237122111261884319684527
9548625821364998326582481691323
656982166172431@176983543287614
2321137218768242515877347416189
5527667492537691231343378555589
1929869217672592532924789529174
9933555487861953457989178494555
6672564511987723977845397922979
4265955999219689421645941373525
4957235667783484686818481225265
1342283982854785891273295186533
1968795862136574673942917126698
5323583368678443979198594641689
1377978193119599949442128746693
2671333445259882641942396859773
1426135749792723252284777138174
7951363399179324683511877869434
4971387315396644111779424841227
