33311181627455122133614767273166524726788482168283766267752487222327274766218253531324873223863861614
36652525345258258731326272511581443112711446354737344534621837436838117414732577177376838722178822514
24567167348521544784142616163878882238532785674281556753467555362727666257625554528264713782814143332
61665172642315287645688853581164486875356532368285672487134453424736785364558664816252247586555464515
63468688582245187412744338714758143668274135327865374378234858827518236861483478883733182786428424284
66751158746457511563135166158753274255356341532835552314448188216817652236417446417683815155278515384
63858272381428575338173737835423711332161225881312475615765257722134744487463587522548535487777422348
81466871175186465777364723856714411231751476786247187648766183711584211688512143185223223651734255265
22571183183746163387668451328213738335215538583372442681111134134584611615827313233452617788458544265
13215341276838578664174254614333526224728124743474631321855343485276613256768337668812657641175255337
58671444482777543577176656145742476148787216874826446373341146467127845826357568482648174347258154573
35354363542338453767856212813462114751687888447967894697596121858454352478652217121418562574574627564
31424725886551283631855242358432347832459977665797487466465864873324246666624483437717651763484282312
53478531751525254337312642461363342649588584569756776768789444496516751668321325151586476546863185323
26252272516733668185723326633241724456585599745459496769698967879448452313513478852432534251617287217
21415158743245513635221568386884956644664554648464755964447566894445863338264843246718155618642111212
87832838477412157831287381384596955594659685895958649447465468846894448485748477146753523614854245623
15874583324112444862486263524994579448996997569595847989954664557879999587664358412758783811173386874
18413531335185626753237418884568645596766485884577879988549847887998799548781356168162345862587256745
32168782425754312755311555488965588757887779667999697964676677944688594469991167861666466342178641433
13622881537132326524135148688994487448596488656466757897948785679868698848657335641485145636575127231
48777783472713144322131577467477469498946765558476775977947995558777755645898763363728745562767343658
57555858471172283584244974849598976557748459687559784759886869977989468746759476543464745424616454286
32876542748228477581844886874946577765557987789767575789966946878987755579795678518633134813728222381
84311328783162558588549764567669597468584477889595955776898699748677856454745567474466234233731431161
32184385117525512362789946975849669898748886957777745885566679666679878757778978671451626326142422174
22373424562555763415756855989646678755678674469846895955749556595879658577475975447387836548133728583
82467363268382547258847696866999548945987584866558497776689754597944748657868897957821383685545634755
77384348582452451768696577766844798484985847555779698845486595756655498684899844684587225413382666361
23261375476244751944446648487478478897786979595459749687576798646657848648697967865458358388632868441
77653538418872557756876565497659555665785587745959575454884898776548969686788695985658833415238287652
32441831248155856554796665844486757894794575949578855586795455795994695565957687598988413647584218831
62238446186252745579576459444984548797695794897787668994489969476788868855498754777575743533656676137
57636633222366347747788767769896666877996579858895565794649779579484676888558889785444955686147134372
75418255151357458549846949545479897949757656679485655465655954788768777566468864875579763262651887188
37543562565157777864496694667758667596579987899565955969656458959497558758847594668668984582773614518
88168848278687849849678865795578786589487686874947656646976687765678894547755455686776479738153238124
63873525874549788866479985494869968579868577589896949989554879484497879779565686965475688152421763257
54655877888714987578896844998898745997985769854479767866645575699446579469844567598795795182162244846
84733428223757846846957657754498856499847684899985874748684546867679676857494566596977989683154115128
46766283461449576474579464994967558898867794974747686846955874449599556656495554987678558966447512378
46214118834459548446475559855684758487949455779888776495797767484465558844886497999957558477868515787
53267716345877588646999674579959899675496859586885444475885457446988948478559496795447654551788784271
37511381735879974778468557875875558749748684696545849767979759494587795444475476785987584683616116748
32686652424965448844495488757577695474576555749549775746995777447548677887459555495768459787225353186
22627361335854976654787594445746656676766796645488564449498655784984664986556775457949678784156542444
13832642535997778554997977867747955589677679576846446697976855855454467856945884777784567994284611248
15613456446946798498884795858868577459586978677886757467974494686896498657464756767995577468784314643
26474158424859599774845685764875699554958785567566964594866847667556667799967957595744548496866218737
54153242263554994456669557965754755894789968554946655559559467657948666447666989694766665646881182114
57884147517997756654986679454757649796966699957678@54748758476475965659976684759888447897864334771516
47842743662589564746475987486894885567677588974575744998757468545544674576585665976469667974453872733
35852278774755987487995788588879566778684448886478688578578487679548577566455696745556954696112228763
31524411757449794767594469447449785694856847576678846486865894967496444596844687876479646955836263635
25572884117586649885857757679648648588478668494877966866876964979677687856956678499999955475516344475
18728356636555775865454867744485847554694948986564647597989995895678676494586888997597954652722128634
26775684668957674696854469859868589696477858685764566555748559655884579888779484458657754695531421537
17741237174967568977959849458995859487486799796444487548486696774995444476599468789544867455841644248
23521753265989897787675975777894889569956494776957974499766578557786966999855585787989486484371883815
72783112875195855749457978865689496469784584676664866746758858696495795784986794855696699825813568514
52626652115255646966484689468787465789694795444857547688565967969455468668876495985995796536832818647
58387724363895484485657795687557688684778985766464465897667557898699664984644879955487499866135114517
31482435584249877547959944894855488447545944489986585966476758677974779845964845496745949874258768142
16683615183568449556559888544558869965987966746676675949968646954555895754444996696948669873327771583
67314425744415499487556649579555757444859458597484877779465786598864786689796948449957854235247728775
28737657231468744447785945478754558876885859799475694559985985846588685666988599949885867268188424761
56656666535462844756985578498958788964868454499495986494946765666975788776966776599999943527537423855
14854381572285985679886749448546449977854585486467489758769466754544887666557455848897874468573515526
15544168628146149685678948655745975946457455985999567896969578869984875797776596686846772148335764113
74178521255561367658689756848494968875769879996864555975975676497994558895484798588645512345627886462
82381117742257828568698657964795549477559779577575898677696476774655678797767649468744117268436165182
66362121121412874886848657678497847446884955965757989988568447895785587495648564667889681365712782585
32178445428248811776698866954688766856769469448467774657849846959645859856494847947862335425683272854
64453461337671611869449997456494864459478799645969594966666899788647486787676445946481238465318214786
68253742258675681395484674988498444749884464745876648478575775457878896967776449855746827278366557662
55676633548325338338477668754688989578975756846856896999756986946577878845675989556865337165485535771
74632528223711223845884846476856857879955678645989997669858796745447977586784744681286346123273451635
57343454112642367181796468775787485744655868545447856446795648654488757645964887717752217674282663741
38746215758241187382495756477776664477568448486975944488798677447766548479847754422851623257645127186
67286766254733555663577994485798955467555454595458979477594678476465754896847978781166347788718124145
81581748534367234168855757579867445984866456875946547758876449479655777599744764235266441174174436614
77812144153852518641728446945894554876597468877468967696687585874677884799849425575612885871621718855
25526784638433486263244875655969898889746756685974989857967887498468475578545544155566385747526324126
42571883132412542742515538186597444644857877768774476689957565798496669565528133767284345655653853828
17246168431335544515138434466588965568844868895566845967467745574957987488221165662552838432746668335
24881642174863482548346472754395655876567798484874787679589967649744689938818827672113873543344215361
23658636581325158843354178814477845869895959756687674695684955497944793251462323723141763462253641564
17861224336578474358667647121317168644866988768574547875479558566956838341155846128624614464386147652
35573787868168187563835868153536687749785986599967746698977978455513617752622444512612148886824862711
35872283144155383485563175462612621113658995499664884864695548782635314331723617754278711682562762636
24168314784731656437123437881736542865367345775956844846777718125874527611445788625874458654354643615
54334277863883536711333243473652344435256728314813644633243683843165162122171773664361423367821881676
48125486775562221336138164183565738113664251365527124764281277578662487641651575227713834527534552672
46427547273726878356772376313616147878738446675424432881338684678427411258224856165417477174887835431
26286318118853478745431658245521737615333728442161584754835335211826368824282637722271652727141676331
77686456481335774535647658728127422512445231225458686484267187665355433754332127712183278624356362121
34814733633783187728165785883422242365728271786723876522331474471576642368144734121223342422664187521
31612388683852417472873483414673148726227232874528118657627262283845646512184228334271133231861345654
34281738865755316636663882324217653354826428524382671757775726441568477735321114884284481582821362523
63654134155461571588872683127247273185473582211478156875875138242442862484477656585316465838683672333
46165524463556636554337145532173735857684551272824578778312752425651343217232838148665632738538845413
