6776464866864674788554477456784865677845686857555464563375635354675666753455464657763736446774464677358474784458564457855856785877568588674548446756457
7586645664455655456545646647865874464778878578646453374456473637366477356674746476533663677734743456746648558675687745588467887485844448685685848656875
6866785575744486475748646885887847557667668475757363747735464664444753443347766447663445674775655434554635647866555758454675758578854666585545447774666
6765586685587748645665886465846855558445544367567663546374453347656667646534575477454663567654666674776443553584686548544745547847546885467667568476574
7588688558644688778478464646856847578545376764357377635647736775363747464467666567547543736466654666633576746677678475684466684645767786746777688458574
5478878764657565474677844644558846754533364556666754535456745335353637677755675564763474354774734766337757346664558887847848546668566477665577854445547
7677868545566578784644655487485777577666337575734377575337545454675545656363364377677757444474345754535656633565635444845678658757778888764858757774666
4868844674784885854657774478756845466654557777477355675775756673737775745457365764465475647475443764574554454553577375874784558744446487785458474468464
7444868556648464686875754557757563344557655473756647655364755657564436573111111153443656654656647474336777343645734437886565858457448844754487646745587
4847747477477444446675776546564463335657667356665657377333344777557541111199999116653477376335677764767366356765456555575457687744656584878556844775684
856765584647768755558645646666746343733345573656657353735443634443374199911S999916567773667335466466353363637656457577434766847766554475778486688788778
7656688656455685557878885544734673734467775537567763575636545453545341999999999917444754737644765374643465337674455356436366784845456776574644887685856
5444556487474685656655567686457357445466465345474536376556365464333671999999999913745654744547776336435773463434377674535745456484745877784667744484756
4666558478484464856488568474677535353473755373477435566577453336334337576999999614733564733355543575536757757564573776567564676577545875847465686755854
6854847845576886887664487734756774373365476666737536334446434647464773443799993414363545574753753355377557363735463354655576353555666578767458677448758
6477847457675887856544455743747676344753737763575746754764767646533376745677737363773436747445447654736645467553334665343675665488768648878676548876684
5485845588465486588857764667575753766367464575364475375366334543656457554675565533666374634556633657675563547637335745636743566345855864844684846567846
4577888847748845756766676764567354445445343747376366537653576346645677644566776474433576573765775575344454556335573465446735436657776567645468686548748
6464847557655547876853576434557344577466363545434334475357336433577633467373675373655646557353353433733567376474646355477477357757357566864846478446685
4765557864786486468743743364376446747364677747454746553546536367737543357575777555775655335477457676453536355354676366336764765657744687656687668887484
4758658466546778884345766647744436343773364363475555357436745733553767444447755537746563366556735556334436655645443643744536777754567875748655756687845
8755446476774585545546466667736353754446646536353644365364467467467647666565444455334433757366676453765454363445363476654633337534634774644564778857755
4656565466585754763437366653533335355445347664647535457777773763574446364663474775756435753347674556436365373655735735343456745434744466678745785655785
4565475458875864767455363553733555776757677346667537653574473557464546563552664653236533335773745564353455557755676566757763357665465576766855647746747
4747484577548856435563346436446376454533346637774463675745744462424532222522654662353524357737744545565746457636337456455777534345735544544885684784444
6687555676648865667644774373765775535464447475673746475565636262346264345466364462445633532523635643663753736633577646675646654455574463545458566855447
7577484886857467765557754743774357376535373565456367377466434436355262562254534555655444466624227737343555545466444745765373333645446537454886856586474
7784685788545577643547443447665374737433473374437663344456564222334662325453463543355453545523324255633564475755454434347437755666764675547787774878687
7858477757874756437375363663734553773536474774333754546446256555325454445432236223666643526563245452736353533353747567745573765555554764774485658885677
8645577645867763445365336564357477564475374353737554354434263636546466466564555432665544453562246266433735363363467663565633466555437756366346685874666
4868456654556743764676563436637744553566745753752446632663335353234453455443554565334625366463434235246634547375373546563664773554556433457765874867785
5648785473334344677743656346736633747776363544245526224452635356425422323443234322433355663633326455324665674575364337443467677444565673477533886685445
6646674764655656347445736755635566746474756532354223365546665656433246355224426533324342256326666343552663636564676454444443733656436763333454886684585
4647458566756776364565677743774463567543763242353263354222565354236644522663344225644463455246453524234325246345747376453574337675546777366557668465755
7548558746666766737634755456374434355774544244246226525246265444264242323444332346556223462442334426345463534547554334333733533453357776474644464566457
7858544656366467456437746477463754643357454655643654642422526252353322246445236445426445534464444455323435445235747777547674473357454443355466374587546
6644644563757476636356655376735465654546563542322532545355642334355263434453636656345626634364433562266532534225354335577647363777745375333475665556778
7455456336653563356743563664355467636465255242555544254235363643444455445353654544425344334635452442356222453255457644655446465455746574555477454674447
7447555777757655456575356367437536645563323462354223356352652456432264656252653553425254525325645435325326646235545456675744335547537577547354464684758
6887464533653533666564476574775573566555526335545523345526222442356235546252436234425562635655624426435523554335646573565463536365633753644765776574654
6586633743577776553364653577763346442643653634552245543553235453444444423536655355552643643535526455632363552236344445667334733354757347775567544777888
5476337337655563543754673663654745725255446663335566332366323356535444424362233654346353553625653256665434266326445647657567766435637564746444637368547
6584733647336734467537776555577477352532324356522535354226623344453263662356242244256356265234526256645623233256443237636556465567345477446556745534557
7767433455764644677435555746345533624622225454533352546652233543544626636625453553453323366456452433254535642256542632634677644374636665476367674777855
8866644477665457774377577373365644335425526634652442624442326643365563465322626566225444435324326423432533665643522235656753344344547667736457563345487
5644765373634375655353463333466444565432433444454344545624554325246324556345555246433326365464664452454565423443625642456357337533534435677744436743786
8654563653367673654334634764334533343435456544525345434252564464622533546462342244554666254632444533536556555334655566366667657457337774467575475366578
5653637766476575633775763736444322665443253355364264532462463346223564553235645344643566243333352332436652364636556253554767445477534676437754334773458
5565454573465453773355674575563445446332664432244235436636355543463365242356643644546644465344656245646222663342533452534755773766656545764356746644667
6773743445764675573357634734454222332364265243423625564232322524364235332432434352622352563222644555232646426424653543424356367437376657667734446634357
6577547457537334756545646743765523544366434456542226665566342644266432224454325322435353365655455353652565335553366663234246743445337466466546664345737
3537556346343364667466357663224656426562344544342626333235636546243223533222232443434422256365522535636422322245623526334336643533464566653654734654553
5374654745533746453354733437266642364644365543324564533523433243222325243425323435255443553355455626663632254654262466226553664563647476677547457374376
7437454345563335555347467633454553645362634364365665654455345454442355225353234554544322236446535234464643334366623436233433377535465766446364734744635
6574536635764575736546757345556233434545354526352225654554322234223232542225335525334355543543533355324644635265455442553566754555747666437364447433546
7764665554437477475345637453262563626262423646223355566654552542424253524255224555245535455443246264263454362662666322635645577537654377475546776444555
6436447477337366646455734556233543465265356646334444332243422525335352243444322434244433443232552244642554653436556245624442275737433647556576434453367
3757574664665646567767543532422625256243645332632643633443324422242442244242424244542554232255245246324332242552663664445665257764755775364445637564377
6336775663775545545445547446342355656462633342666232224224234324543554322224353533254245553224353636443323566234633532644565427575335567373356344464347
4553635557477453555566667224366266455265426332634454254543542324355323333524423354245222554344334445363524633554523336642423235464373547377435475576743
5545644677335546474475335442623565346423663262462335554233235323252532522322233533524334525445234436333622323226263236345255423576633444473574533645467
3657343534453767577775342526555644265644543644642634534455354543323543424342543235442452423343233322433533352233243562244353332354435637674765336573473
6663767576577377674374772224245462544234553622666632532353224435344522453545345455233343435545232323444453626555636444542653645763374676567564354445756
6476733656546645564643733443342456365634436622353362524352335554244524434522523445333324452233433534425463324634232422244563265467763555776464654556644
6755447667657555475464575464623222322525355643466522524333352535443533333342252555443345253444433345236543565352333523222454233763645666644336343665765
4356676653633577537376432426252626625546654554532624455543454352324252345332524555455555453444334432245254423644524425423432333557556466347355747544767
3334464453754553753777526554222363534266336635356533334224224333422235455435234252253454542245553234666646452236445234562543463245357465565557663645777
5337344635645776345755446654466636646645543622255633522233424355525544544522432234222242524222354244234365435354225542526462535536345437433767554777377
3444433335535375654667654436343434365266654544224234534425452543253232544344224545354232435223444553523626243435446322365532335677344437763675775337656
7475336754775345363664725256443556444462646225423244433225544545322345523435322252254424435444452425362235353332326564456362636243336654737373573754766
7343364677674377766556722623466525345453665426664353435322434432522524244252525225455324422324253425435636264243655535266644223265457345463476774733536
6356435554467474773565365244536365536364546546542243424524324252223224255422355524224525452553342234254334635445245565253456563655434747377437433565333
4555646677465765756466655354624542335325535455243425233333352252442333325554433254232442243234533434332324423552335622323553252364537434444666573356747
7765777573673463375455336566644452562342445334442554423432333423432332435353234424543425353434433443235245536525454542454325353646566447444464336537746
5753444337465755743374242534466552235323244453466425424555442432524244435224543332254255424435432345222436663423664366533565356263335476645674554447465
355637444667443463637432524265545442326353363522222252332333535353325222422@322242425335325253435452332362233624566422664653566445646533644534557355333
3336476467665547434677422632652224262255662554425544432245555543245522342599923342355325335345555335255632444445436563262543623535634744463744747654464
3336374355444744354537424442464653566465244232563324242452253443435342243399922555524522225435254235555623336223655323355455255376335733354447373637533
6475736453466367533553725666354665354342365254654555222455525533443524545399932443532232333533534553224264342232225645263242434245644733546376567434665
4443747667655744443764736343525254233243356656236222432535235455322334323499924524242234243535324244553323423364245364562555526264353743746564335436435
3733666363557447573737462666564644563263663233634354254433533233343433433599924332235352353454454545534643554434652265622344564377644355667664355474344
3643573476446536777335566265626665634623343324322335443234324423233345433299942455323355424335335533542533346632545544662434545567654547537353433767444
6657536643364766634557334356535462426533642426335223455553223424443553225499924424445422323242322332355232444344662543233553344435564736373336574773674
5576373373356437754353332453624436566425356654644634522242453345543432532399955453432333334422335335364242552233544326242546256576455433357544644766544
5647343633343644735333625244236554555545646352364363435425233442355554234299943453322232444354244523663455664465354635326555245556737577754343344344665
4644453457474563667474724326533355542332456225553234233424425455554445523599933222553434345553242334542453346426632324322326634665645746444467356676533
6475334373736533556474755425655622433653432324624533253253235424235254532399922423424524555243254552556264466326423534626644566437373763477473737336646
5736333355547337566536743336232252535544355253564423233323232534235532244299953425543433543335233423333634323336362622653454533747336737653364753757657
4447365646463366663574455445536526533424335442322334333553224553242522533499952542553434233452342524462463554526222425322235364334566454564756676646544
4567775654577344347546374523366234342556524635554456654544524253342352423399943353444444254254425564654434656566556455345636656367466643543746467744457
5373363734667767546735775323622355332426266256646663254222433323555435233299924222252233334454225424356534332424326645334462457665766453764434665756637
7365354755474543473343743436423263343362342323633565653353252452544445434599923322334522243244242363433456253252464433564646333743454655364355773337346
5777343354373476366355365363324336655443325523245555264444333444425342324399945444254532242424253264642525646654363666323232636774347435376473673643537
4566357633373333765545554565625236655662632325644655465443545553245344242299944433442344244323564636666243624453544654542526435377433747474443764667566
3753733333733535366576755646335523355534362546246465365623524544455355352599933545552425325444256252632652364655536454323555445634757366766476764554564
6733366734374375553474575725322466466536433252646532334342243435555433535299933435322243533322332433654432443322525332624563255736647453543555553474545
3345756677633367356736556642566454356465243453354324422462622333533244533599934535323343222365525625436355342326364326243446445743756676537536565657467
5747453647737544653467375434236524446626442466342536443623452454535242232399925333223244235364252246365236446553362532566365677457574545744545676746565
7433556446457443633377364767252563255354533565645625545532535222424543235299944224243544364554624636646456425534564632355556735355544345353473546443557
7635343564473735735555334557643642452526253254464236643635225566553532253599943245324232626463355422423325252624663436543656646667464333646364437667464
5635374576667533764467547357565255236625252226553444645424322535322533234599955544445635445635544444633663362433542343634456456666455667433355577557475
4754477335636545733475354556762623354622234522236665266446465244633262254299942345346462636223345333343443634532365235334436543653367345643556554645767
4773757363373757436446333437475624426632635655464256244564434455255662365599925626535364644252433226565555336334423554323743654346446547577436565353766
6635447734545455753743566744445342646553224234632655455353462634445634642299934522352533523462454333545444666335625244525544355547534446657445334343675
6357545765465543374743575465634444426525546464646643443355652552446223645299944652343632632462455534264463454226343263544763576355635764455536753577568
7434645766366764374634576777436624334443623635432663244462254322253666645499932335233565223342546532626325464566356322356435744745367554574554463344457
8864575736663536445676773537764663233362665663454553366645563644535344432499955242463344663552464326456266445352522456434543776546676355566754445575446
7464635773543337474435656567666745644544254334365645545223666563655463656299925544244344653444345365564326623334223355334475467676745464535474346575576
8664336656455536733366367536645543556255635235443255262233626553266423526299932535544626523565446222323242656242524255746674747435774645436347457376788
4544346564343735576543774366454537345454545246535626555442264364235422232699932642266625252454554633233464546226643544574373336565734454676337454365745
7466546676744344473435647437437437375622322226266345365223653235424423222399963552423622442224634326366524262625366333444466555343535767746335457647647
7446874467333366774564753437645337756636642362636364636666442465366264656399952242234454624535455455235233233556553466447336647736644565446666646477748
6748846754564775354475476647665463534466544654352223366423355362626222322499942333254225654626266365232646554262566467635657576373563575635573533445464
7857665774346473363355536434647765363345465624543453445665432546422463526699965642645625525442665222532463454345736334677456444643553347433355777887487
4755486535666733634567467734477764735456564654563345335254525235464364546699962534666224242333666422356546642643475355435573675763677356337763774775846
8846676375647765455456765554636435353535725326366532625524662446356364255399966635554242324543346662345535522646373554555666764754763764653674648854578
6466845763455675563443735646755677734677635446623242563353566666622663555699954225243565566342543642263224435343463457366653476657746533456755647455658
6765687673756763677356337445343755547746644553354225225664335352662462243499966664654566344634332433633642467546554546636535765343673475634464484664766
6468785647634333744637464633376333566454663625526622355643442334236323644299963333434465453232356535543665657435445545345376357644653654745433456677655
8444886885556665635533634744636466643776776433235356332622622364643336336499933465443423332532232242324254346637463466463557646665433654675376464848845
6755468688363765643634766474474537565544773435742662423352446663264445534499935666435254365432263435223365676577646664765465557444577457366374775475878
5554476888764376766545345565655356756473673536463562334345224642642256244699962426634446253553326535554644334374464755656736444333347364753744664575474
7844546474577647555745364774747456336434336464565636256343335553246452262699934426562446464466432232774574775565347573337646734643546765364358654647556
8447458678864476357565644547735444547653565654553547534466633655246543555399922242365433444366455547643337553476365373346464643634635675737767788566468
5657755884558374336466737443575666333763373534336447453662522352642236352699964342666356663542447456635337674534765456556377563435547743577847884758866
8457768786474465543574554457674777463776637555365733676343235445543443653399946346463363533243736675355655456765546767566643337475657557487677446778557
6865744487866566674544345767664563755364734557553343534647463244533662655599923432562523463737344753764466744733365664654376675566545646765746874557887
6675766644566876563544445636474576555544756345676743736734353347325352426499966563526236544336465457557756333475337657373437546676673636848754558585844
8568658547474458733764647735557635733376744765537557567533455346665673564599954666677773377475564553776677634554765563756334775475436464866667644754856
4477778456468677844454436334735644674347454533476744356777753765335474543399934457776476677743734674365546537364374556336773546366347756446567577447767
8485888578586654456773777356656377765746647537567767544744773535744564533599944443544557777463655375464365766575546557773366477335534885455474875775887
6487747578457687457654534774677445464543335673343763434334567777337463464599957655674364556646655346363673365335764475467757765364746857888786768867545
4866688747667648675576653477537376343553734765776455634575676453764747533799966677554754774377336445776334454364437554363363753665344666588588458464488
4848877856674864575486675375666337474453443677467556433364435473644735766399957646635333353573733365755764557573567734647437546437477548586876588744778
5465548844774464874656573754365663533754477766746773733647376634766656377799955443453636474766746664534643776565754574434367647747554465785646855668788
4684568778584685657564864766633664344654444764376355733576765743763373733499974535535453564456637673375763556543767437633434545485686785846584487767575
5855557586764765758485767573774357575573755676756475456757763336636575436499967563776546546557364676435375676663675565656557634478885546664684745858846
8854885466658445688776874653576755564757334544473736747447447335336355674399943656733757344363373456333745753776755654673453468547484768754877774545847
5486667557764655764688658775334477443564464366444545453473735563637667347799937564747557677466465536447367743663753535647745754775657556684787865578848
8457764446466784687688454457535446763474366353656644457334774553764453744599937753733443335545534365564553576535336464354754888655668546768858886447645
4658665446788764847758484567453547447736547535545737354474456745356633577699937557774435447473655364666576336553436364474874467557468854548564884444858
7645756575766666768585844655654735673477764746364733764435574444337755536699935436676457564375634437754374746453646536378878585764756887656788855676554
7455577688484847785765675686885863754363534346646336757376335766765533646799976457756664477757634467567666447575433436845556556856556475687648685878855
7687745574755765768865845575548845364663366546434676367765563747456675767499975573355577453347773633575354367745633635556548748646564845666867644545455
5584847857687884888847544464444656654337375775373335433566667374764656556499955665763556437575447443575475575436564447686546865854645884667557558776664
8758657545744654657678575655685587775863733375474543646364777445445734447799963477655736677447644634344565575575658568675664765675676568784668488475576
5474867855546767656748754687845748544575346533477764436656365453777473546499965634746477645634567636477456337344585766454666476678565747865685686876888
4876877454757574477547477654444776554775467447453745436765547336535466664499966555377433575466373346765757455845464676756545764566688477767488768467488
6484487855744778478556578855764546877665447754555675655465565653364664347599933334334756575765766557353345544776878687886858756468477545875755884847665
6548565745465764685565648858848565748448544645646545456535664345363334654399934763654736454375664476437755676748464648667867644657758585867745557544557
6854444865775886688568874865754748756478776857866373664735665374464754365399946643744377653465435366336764867466456486866656457668548474847848467764646
