5441525241225111112253553251553
133522122534119S911411222155114
3445445533355599933443455544333
3345333555434334535435433335533
5353333345335554434535533555354
3533533435355443543433453355553
3553353435335554334453355435433
5435355533533355533535335345335
4353545353545354555534334453353
4454543553533544443353355553453
5334554534533355333355543533454
4433333345445354553533554555533
5554454343455334355445533453453
4435554534445553335434455334353
3533435453433535345355533545555
534433533533535@353533355553345
4453545555435334544453344455554
4353333535535354535353353535355
4345444453554554535355345343354
3534544535533355333333445433555
3535333335335334333534553543535
5433355333553344355555344553435
5355535355535334555435534555344
3355433335553553535334544544333
3554333535553335343555345553535
3554433545353554334554345343343
5533353435533535333355343333555
5355555353355553535354333535355
4344534353535455333455353335333
5444333535533453535335454535553
3534343355355355553543545553345
